3.979982 3.979982 3.979982 3.979982 3.979982 3.979982 3.979982 3.979982 3.979982 3.979982 3.979982 3.979982 3.979982 3.979982 3.979982 3.979982 3.979982 3.979982 3.979982 3.979982 3.979982 3.979982 3.979982 3.979982 3.979982 3.979982 3.979982 3.979982 3.979982 3.979982 3.979982 3.979982 3.979982 3.979982 3.979982 3.979982 3.979982 3.979982 3.979982 3.979982 3.979982 3.979982 3.979982 3.979982 3.979982 3.979982 3.979982 3.979982 3.979982 3.979982 3.979982 3.979982 3.979982 3.979982 3.979982
3.893059 3.893062 3.893065 3.893067 3.893069 3.893070 3.893070 3.893070 3.893070 3.893069 3.893067 3.893065 3.893063 3.893061 3.893059 3.893057 3.893055 3.893053 3.893052 3.893050 3.893049 3.893047 3.893046 3.893045 3.893044 3.893043 3.893042 3.893041 3.893040 3.893040 3.893039 3.893040 3.893040 3.893041 3.893041 3.893042 3.893043 3.893044 3.893046 3.893047 3.893049 3.893051 3.893053 3.893055 3.893058 3.893060 3.893063 3.893066 3.893068 3.893069 3.893070 3.893069 3.893067 3.893064 3.893059
3.806137 3.806148 3.806159 3.806167 3.806174 3.806178 3.806179 3.806178 3.806175 3.806170 3.806164 3.806157 3.806149 3.806141 3.806133 3.806126 3.806119 3.806112 3.806106 3.806101 3.806096 3.806091 3.806087 3.806082 3.806078 3.806074 3.806071 3.806068 3.806066 3.806065 3.806065 3.806067 3.806069 3.806071 3.806075 3.806078 3.806083 3.806087 3.806092 3.806097 3.806104 3.806111 3.806119 3.806128 3.806137 3.806147 3.806157 3.806166 3.806173 3.806177 3.806178 3.806174 3.806166 3.806153 3.806137
3.719214 3.719257 3.719294 3.719323 3.719344 3.719357 3.719360 3.719355 3.719343 3.719324 3.719302 3.719277 3.719251 3.719225 3.719199 3.719175 3.719152 3.719132 3.719113 3.719095 3.719079 3.719064 3.719049 3.719035 3.719022 3.719010 3.719000 3.718993 3.718990 3.718989 3.718993 3.718999 3.719008 3.719019 3.719030 3.719044 3.719058 3.719073 3.719090 3.719109 3.719130 3.719155 3.719182 3.719212 3.719243 3.719275 3.719305 3.719332 3.719352 3.719363 3.719361 3.719346 3.719317 3.719273 3.719214
3.632291 3.632436 3.632555 3.632646 3.632710 3.632745 3.632751 3.632732 3.632691 3.632634 3.632566 3.632491 3.632413 3.632336 3.632261 3.632190 3.632123 3.632062 3.632005 3.631953 3.631904 3.631858 3.631813 3.631772 3.631735 3.631704 3.631681 3.631668 3.631665 3.631674 3.631693 3.631719 3.631750 3.631786 3.631825 3.631868 3.631912 3.631961 3.632016 3.632077 3.632146 3.632223 3.632305 3.632393 3.632482 3.632570 3.632651 3.632718 3.632764 3.632782 3.632764 3.632709 3.632614 3.632475 3.632291
3.545369 3.545800 3.546142 3.546398 3.546571 3.546665 3.546683 3.546633 3.546527 3.546380 3.546204 3.546011 3.545810 3.545607 3.545409 3.545220 3.545041 3.544875 3.544720 3.544576 3.544441 3.544313 3.544193 3.544085 3.543993 3.543922 3.543876 3.543861 3.543879 3.543927 3.543996 3.544082 3.544182 3.544292 3.544410 3.544535 3.544669 3.544817 3.544981 3.545161 3.545356 3.545564 3.545780 3.545998 3.546211 3.546408 3.546578 3.546707 3.546779 3.546778 3.546695 3.546523 3.546253 3.545873 3.545369
3.458446 3.459563 3.460414 3.461031 3.461441 3.461669 3.461731 3.461645 3.461437 3.461135 3.460765 3.460349 3.459906 3.459452 3.458999 3.458557 3.458134 3.457734 3.457359 3.457010 3.456684 3.456379 3.456101 3.455857 3.455659 3.455518 3.455448 3.455463 3.455558 3.455712 3.455914 3.456152 3.456419 3.456705 3.457008 3.457335 3.457694 3.458082 3.458498 3.458937 3.459390 3.459848 3.460298 3.460727 3.461118 3.461454 3.461713 3.461873 3.461908 3.461804 3.461552 3.461128 3.460499 3.459621 3.458446
3.371524 3.373931 3.375702 3.376942 3.377744 3.378187 3.378339 3.378243 3.377945 3.377486 3.376901 3.376219 3.375466 3.374665 3.373840 3.373012 3.372200 3.371421 3.370687 3.370006 3.369383 3.368816 3.368303 3.367861 3.367513 3.367284 3.367205 3.367289 3.367514 3.367848 3.368267 3.368747 3.369267 3.369827 3.370440 3.371109 3.371823 3.372571 3.373337 3.374104 3.374855 3.375570 3.376232 3.376825 3.377331 3.377732 3.378003 3.378117 3.378061 3.377826 3.377361 3.376596 3.375443 3.373795 3.371524
3.284601 3.288428 3.291488 3.293791 3.295360 3.296277 3.296672 3.296695 3.296490 3.296179 3.295742 3.295151 3.294394 3.293477 3.292425 3.291282 3.290103 3.288942 3.287844 3.286842 3.285959 3.285208 3.284562 3.283998 3.283536 3.283207 3.283046 3.283089 3.283313 3.283676 3.284137 3.284666 3.285272 3.285959 3.286710 3.287505 3.288320 3.289132 3.289920 3.290665 3.291354 3.291979 3.292539 3.293040 3.293486 3.293882 3.294219 3.294456 3.294531 3.294345 3.293780 3.292704 3.290959 3.288350 3.284601
3.197679 3.201906 3.205911 3.209811 3.213490 3.216711 3.219296 3.221225 3.222634 3.223741 3.224375 3.224450 3.223999 3.223079 3.221800 3.220313 3.218766 3.217282 3.215938 3.214774 3.213801 3.213020 3.212423 3.211933 3.211463 3.211000 3.210545 3.210237 3.210111 3.210121 3.210225 3.210417 3.210681 3.210998 3.211351 3.211727 3.212111 3.212490 3.212848 3.213171 3.213449 3.213679 3.213875 3.214061 3.214207 3.214366 3.214547 3.214601 3.214408 3.213840 3.212765 3.211027 3.208383 3.204349 3.197679
3.157754 3.158770 3.159888 3.161154 3.162583 3.164160 3.165827 3.167461 3.168838 3.169689 3.169854 3.169432 3.168452 3.166974 3.165019 3.162874 3.160775 3.158871 3.157229 3.155857 3.154730 3.153816 3.153084 3.152516 3.151997 3.151386 3.150659 3.150036 3.149640 3.149426 3.149308 3.149269 3.149298 3.149388 3.149530 3.149712 3.149917 3.150125 3.150311 3.150460 3.150578 3.150706 3.150899 3.151247 3.151758 3.152427 3.153217 3.154067 3.154906 3.155675 3.156335 3.156869 3.157281 3.157580 3.157754
3.102610 3.103528 3.104552 3.105741 3.107143 3.108784 3.110651 3.112663 3.114652 3.116352 3.117432 3.117589 3.116713 3.115100 3.112953 3.110530 3.108112 3.105899 3.103970 3.102331 3.100953 3.099800 3.098835 3.098026 3.097353 3.096660 3.095833 3.095070 3.094583 3.094297 3.094095 3.093968 3.093898 3.093863 3.093833 3.093768 3.093620 3.093354 3.092959 3.092481 3.092043 3.091813 3.091930 3.092464 3.093396 3.094593 3.095888 3.097150 3.098300 3.099306 3.100170 3.100908 3.101545 3.102106 3.102610
3.049956 3.050751 3.051626 3.052619 3.053763 3.055073 3.056538 3.058107 3.059670 3.061047 3.061994 3.062252 3.061658 3.060265 3.058356 3.056191 3.053926 3.051733 3.049710 3.047896 3.046296 3.044904 3.043703 3.042675 3.041802 3.041036 3.040219 3.039431 3.038923 3.038585 3.038316 3.038089 3.037863 3.037588 3.037204 3.036652 3.035891 3.034922 3.033824 3.032776 3.032043 3.031849 3.032356 3.033558 3.035267 3.037231 3.039236 3.041142 3.042871 3.044397 3.045728 3.046896 3.047949 3.048946 3.049956
2.984619 2.985498 2.986459 2.987542 2.988777 2.990180 2.991741 2.993418 2.995127 2.996731 2.998043 2.998856 2.998996 2.998399 2.997159 2.995502 2.993591 2.991549 2.989516 2.987580 2.985797 2.984195 2.982784 2.981562 2.980522 2.979654 2.978852 2.978051 2.977466 2.977030 2.976646 2.976271 2.975851 2.975326 2.974635 2.973734 2.972610 2.971311 2.969970 2.968812 2.968091 2.968002 2.968632 2.969870 2.971493 2.973285 2.975082 2.976781 2.978326 2.979697 2.980898 2.981953 2.982897 2.983772 2.984619
2.914256 2.915113 2.916051 2.917113 2.918331 2.919726 2.921300 2.923025 2.924841 2.926642 2.928278 2.929561 2.930303 2.930363 2.929709 2.928448 2.926785 2.924883 2.922910 2.920990 2.919198 2.917567 2.916112 2.914835 2.913729 2.912787 2.911965 2.911158 2.910474 2.909920 2.909405 2.908885 2.908310 2.907632 2.906806 2.905804 2.904630 2.903338 2.902050 2.900958 2.900257 2.900122 2.900599 2.901585 2.902907 2.904396 2.905919 2.907381 2.908727 2.909932 2.910994 2.911928 2.912762 2.913528 2.914256
2.843894 2.844646 2.845473 2.846415 2.847503 2.848762 2.850201 2.851809 2.853546 2.855331 2.857037 2.858491 2.859489 2.859847 2.859475 2.858431 2.856913 2.855145 2.853306 2.851524 2.849863 2.848345 2.846975 2.845747 2.844654 2.843687 2.842837 2.842035 2.841288 2.840639 2.840018 2.839383 2.838697 2.837923 2.837028 2.835993 2.834826 2.833573 2.832340 2.831291 2.830611 2.830463 2.830887 2.831797 2.833039 2.834452 2.835904 2.837303 2.838593 2.839746 2.840763 2.841657 2.842456 2.843191 2.843894
2.773531 2.774240 2.775020 2.775909 2.776940 2.778135 2.779505 2.781043 2.782714 2.784443 2.786113 2.787556 2.788572 2.788972 2.788660 2.787690 2.786254 2.784594 2.782888 2.781251 2.779734 2.778348 2.777085 2.775935 2.774890 2.773940 2.773077 2.772270 2.771484 2.770754 2.770050 2.769331 2.768569 2.767734 2.766800 2.765753 2.764598 2.763377 2.762190 2.761191 2.760563 2.760457 2.760905 2.761818 2.763043 2.764423 2.765833 2.767186 2.768429 2.769540 2.770518 2.771378 2.772146 2.772854 2.773531
2.703169 2.703865 2.704632 2.705504 2.706513 2.707679 2.709010 2.710496 2.712101 2.713753 2.715339 2.716703 2.717658 2.718030 2.717728 2.716805 2.715445 2.713878 2.712281 2.710759 2.709355 2.708074 2.706902 2.705825 2.704828 2.703902 2.703039 2.702228 2.701439 2.700670 2.699922 2.699163 2.698367 2.697511 2.696571 2.695535 2.694406 2.693227 2.692094 2.691155 2.690593 2.690541 2.691021 2.691939 2.693141 2.694481 2.695839 2.697136 2.698323 2.699381 2.700310 2.701126 2.701855 2.702526 2.703169
2.632806 2.633465 2.634190 2.635016 2.635974 2.637082 2.638352 2.639772 2.641310 2.642897 2.644426 2.645746 2.646674 2.647042 2.646762 2.645885 2.644590 2.643098 2.641583 2.640148 2.638831 2.637633 2.636538 2.635528 2.634585 2.633699 2.632860 2.632060 2.631286 2.630520 2.629762 2.628997 2.628201 2.627354 2.626434 2.625429 2.624343 2.623218 2.622148 2.621279 2.620782 2.620781 2.621284 2.622191 2.623357 2.624640 2.625931 2.627156 2.628273 2.629266 2.630136 2.630899 2.631579 2.632206 2.632806
2.562443 2.563073 2.563767 2.564559 2.565477 2.566541 2.567761 2.569127 2.570607 2.572134 2.573604 2.574868 2.575751 2.576092 2.575809 2.574957 2.573711 2.572281 2.570837 2.569475 2.568232 2.567105 2.566077 2.565127 2.564237 2.563395 2.562590 2.561816 2.561064 2.560324 2.559584 2.558837 2.558065 2.557247 2.556366 2.555408 2.554380 2.553322 2.552326 2.551532 2.551101 2.551141 2.551651 2.552532 2.553643 2.554854 2.556064 2.557207 2.558246 2.559167 2.559973 2.560680 2.561309 2.561889 2.562443
2.492081 2.492690 2.493360 2.494125 2.495010 2.496034 2.497205 2.498512 2.499922 2.501370 2.502754 2.503934 2.504749 2.505051 2.504767 2.503950 2.502764 2.501408 2.500041 2.498754 2.497581 2.496521 2.495556 2.494664 2.493828 2.493033 2.492271 2.491535 2.490818 2.490113 2.489410 2.488697 2.487962 2.487188 2.486357 2.485458 2.484498 2.483516 2.482599 2.481881 2.481509 2.481580 2.482085 2.482928 2.483975 2.485106 2.486229 2.487285 2.488242 2.489087 2.489825 2.490470 2.491045 2.491574 2.492081
2.421718 2.422279 2.422898 2.423603 2.424421 2.425369 2.426455 2.427669 2.428981 2.430332 2.431630 2.432743 2.433521 2.433823 2.433577 2.432827 2.431725 2.430457 2.429175 2.427969 2.426871 2.425882 2.424983 2.424154 2.423376 2.422637 2.421926 2.421237 2.420565 2.419903 2.419244 2.418577 2.417889 2.417165 2.416389 2.415553 2.414662 2.413756 2.412914 2.412261 2.411933 2.412015 2.412495 2.413282 2.414253 2.415298 2.416334 2.417306 2.418186 2.418964 2.419643 2.420236 2.420765 2.421252 2.421718
2.351356 2.351862 2.352422 2.353061 2.353804 2.354667 2.355659 2.356774 2.357984 2.359239 2.360454 2.361508 2.362258 2.362567 2.362362 2.361679 2.360659 2.359478 2.358282 2.357157 2.356136 2.355217 2.354385 2.353618 2.352900 2.352216 2.351559 2.350921 2.350298 2.349683 2.349070 2.348451 2.347812 2.347141 2.346423 2.345649 2.344826 2.343989 2.343214 2.342614 2.342314 2.342390 2.342832 2.343556 2.344450 2.345413 2.346369 2.347267 2.348082 2.348802 2.349431 2.349981 2.350471 2.350923 2.351356
2.280993 2.281455 2.281964 2.282548 2.283226 2.284017 2.284926 2.285951 2.287068 2.288232 2.289364 2.290356 2.291071 2.291377 2.291201 2.290572 2.289622 2.288521 2.287406 2.286360 2.285411 2.284561 2.283791 2.283084 2.282422 2.281793 2.281187 2.280600 2.280025 2.279458 2.278893 2.278322 2.277733 2.277115 2.276454 2.275743 2.274987 2.274219 2.273508 2.272959 2.272686 2.272758 2.273166 2.273832 2.274654 2.275539 2.276417 2.277242 2.277990 2.278650 2.279227 2.279732 2.280182 2.280596 2.280993
2.210631 2.211054 2.211523 2.212060 2.212685 2.213415 2.214256 2.215207 2.216247 2.217332 2.218392 2.219321 2.219992 2.220279 2.220111 2.219518 2.218628 2.217598 2.216558 2.215585 2.214706 2.213918 2.213208 2.212556 2.211947 2.211369 2.210813 2.210275 2.209748 2.209229 2.208712 2.208190 2.207654 2.207091 2.206489 2.205843 2.205158 2.204463 2.203823 2.203332 2.203094 2.203171 2.203552 2.204165 2.204917 2.205722 2.206518 2.207264 2.207937 2.208531 2.209049 2.209502 2.209904 2.210275 2.210631
2.140268 2.140667 2.141108 2.141612 2.142200 2.142884 2.143672 2.144559 2.145526 2.146531 2.147507 2.148357 2.148963 2.149212 2.149041 2.148479 2.147645 2.146686 2.145723 2.144823 2.144011 2.143286 2.142633 2.142035 2.141477 2.140948 2.140440 2.139949 2.139470 2.138999 2.138531 2.138060 2.137576 2.137070 2.136531 2.135954 2.135345 2.134731 2.134168 2.133742 2.133544 2.133626 2.133978 2.134533 2.135207 2.135925 2.136633 2.137294 2.137890 2.138415 2.138872 2.139272 2.139627 2.139954 2.140268
2.069906 2.070268 2.070669 2.071129 2.071664 2.072288 2.073006 2.073816 2.074699 2.075619 2.076512 2.077291 2.077846 2.078072 2.077911 2.077391 2.076623 2.075742 2.074859 2.074035 2.073295 2.072635 2.072042 2.071501 2.070997 2.070521 2.070065 2.069625 2.069197 2.068776 2.068360 2.067942 2.067514 2.067068 2.066595 2.066090 2.065559 2.065027 2.064542 2.064180 2.064019 2.064101 2.064417 2.064907 2.065498 2.066126 2.066742 2.067318 2.067837 2.068294 2.068692 2.069039 2.069348 2.069633 2.069906
1.999543 1.999866 2.000222 2.000632 2.001109 2.001667 2.002312 2.003041 2.003838 2.004672 2.005485 2.006197 2.006704 2.006910 2.006761 2.006283 2.005579 2.004777 2.003975 2.003231 2.002564 2.001972 2.001442 2.000960 2.000512 2.000091 1.999689 1.999302 1.998926 1.998558 1.998195 1.997831 1.997461 1.997076 1.996670 1.996238 1.995787 1.995338 1.994933 1.994637 1.994512 1.994596 1.994876 1.995302 1.995812 1.996350 1.996876 1.997366 1.997805 1.998190 1.998525 1.998817 1.999076 1.999314 1.999543
1.929180 1.929472 1.929794 1.930164 1.930596 1.931101 1.931683 1.932342 1.933062 1.933812 1.934540 1.935172 1.935615 1.935782 1.935628 1.935183 1.934542 1.933817 1.933099 1.932436 1.931843 1.931318 1.930850 1.930425 1.930033 1.929664 1.929313 1.928976 1.928651 1.928334 1.928022 1.927712 1.927398 1.927075 1.926736 1.926380 1.926012 1.925650 1.925328 1.925096 1.925005 1.925081 1.925313 1.925662 1.926079 1.926520 1.926953 1.927358 1.927723 1.928044 1.928324 1.928569 1.928787 1.928988 1.929180
1.858818 1.859083 1.859376 1.859712 1.860103 1.860557 1.861079 1.861664 1.862299 1.862953 1.863580 1.864114 1.864477 1.864597 1.864438 1.864029 1.863456 1.862816 1.862187 1.861609 1.861095 1.860642 1.860240 1.859877 1.859542 1.859230 1.858935 1.858654 1.858384 1.858123 1.857868 1.857617 1.857366 1.857110 1.856846 1.856572 1.856294 1.856026 1.855793 1.855633 1.855581 1.855653 1.855841 1.856113 1.856435 1.856773 1.857105 1.857416 1.857696 1.857943 1.858159 1.858347 1.858515 1.858670 1.858818
1.788455 1.788669 1.788905 1.789176 1.789493 1.789863 1.790292 1.790776 1.791306 1.791858 1.792393 1.792852 1.793166 1.793268 1.793127 1.792771 1.792275 1.791728 1.791195 1.790710 1.790284 1.789912 1.789586 1.789295 1.789031 1.788787 1.788558 1.788343 1.788139 1.787944 1.787755 1.787573 1.787392 1.787212 1.787030 1.786846 1.786665 1.786497 1.786361 1.786282 1.786280 1.786361 1.786514 1.786716 1.786941 1.787170 1.787388 1.787587 1.787764 1.787918 1.788052 1.788168 1.788270 1.788365 1.788455
1.718093 1.718267 1.718461 1.718683 1.718944 1.719248 1.719601 1.720001 1.720437 1.720890 1.721324 1.721689 1.721925 1.721980 1.721834 1.721517 1.721095 1.720641 1.720206 1.719817 1.719480 1.719190 1.718939 1.718719 1.718523 1.718345 1.718182 1.718031 1.717891 1.717760 1.717636 1.717520 1.717410 1.717305 1.717205 1.717111 1.717028 1.716963 1.716928 1.716932 1.716982 1.717073 1.717191 1.717320 1.717447 1.717564 1.717668 1.717756 1.717831 1.717892 1.717944 1.717987 1.718025 1.718060 1.718093
1.647730 1.647882 1.648050 1.648241 1.648462 1.648717 1.649006 1.649325 1.649661 1.649995 1.650298 1.650531 1.650656 1.650642 1.650483 1.650210 1.649874 1.649528 1.649205 1.648922 1.648680 1.648476 1.648303 1.648155 1.648026 1.647913 1.647812 1.647721 1.647640 1.647568 1.647503 1.647448 1.647401 1.647365 1.647341 1.647331 1.647341 1.647373 1.647430 1.647509 1.647598 1.647682 1.647747 1.647787 1.647807 1.647812 1.647807 1.647798 1.647786 1.647775 1.647765 1.647755 1.647746 1.647738 1.647730
1.577368 1.577449 1.577540 1.577643 1.577764 1.577905 1.578066 1.578247 1.578440 1.578635 1.578811 1.578944 1.579007 1.578979 1.578860 1.578675 1.578459 1.578246 1.578056 1.577898 1.577771 1.577672 1.577596 1.577538 1.577494 1.577462 1.577438 1.577422 1.577411 1.577407 1.577409 1.577420 1.577442 1.577478 1.577530 1.577603 1.577700 1.577823 1.577965 1.578111 1.578237 1.578315 1.578331 1.578289 1.578207 1.578103 1.577991 1.577881 1.577780 1.577690 1.577611 1.577541 1.577479 1.577422 1.577368
1.507005 1.507022 1.507041 1.507063 1.507089 1.507119 1.507154 1.507194 1.507235 1.507273 1.507300 1.507307 1.507282 1.507223 1.507136 1.507040 1.506951 1.506883 1.506840 1.506819 1.506819 1.506836 1.506867 1.506909 1.506959 1.507015 1.507075 1.507137 1.507200 1.507267 1.507339 1.507421 1.507514 1.507623 1.507754 1.507913 1.508102 1.508320 1.508553 1.508775 1.508945 1.509025 1.508998 1.508876 1.508690 1.508471 1.508243 1.508025 1.507824 1.507645 1.507488 1.507350 1.507227 1.507114 1.507005
1.436642 1.436608 1.436570 1.436525 1.436471 1.436407 1.436328 1.436233 1.436120 1.435989 1.435843 1.435688 1.435541 1.435421 1.435349 1.435337 1.435381 1.435468 1.435582 1.435712 1.435850 1.435994 1.436142 1.436293 1.436444 1.436594 1.436740 1.436881 1.437018 1.437155 1.437297 1.437446 1.437608 1.437790 1.438002 1.438250 1.438538 1.438859 1.439195 1.439504 1.439730 1.439820 1.439750 1.439542 1.439239 1.438891 1.438534 1.438195 1.437885 1.437611 1.437372 1.437163 1.436977 1.436806 1.436642
1.366280 1.366164 1.366036 1.365888 1.365715 1.365511 1.365272 1.364998 1.364692 1.364362 1.364028 1.363716 1.363466 1.363316 1.363292 1.363396 1.363602 1.363871 1.364170 1.364478 1.364783 1.365084 1.365377 1.365663 1.365938 1.366201 1.366447 1.366677 1.366895 1.367111 1.367325 1.367541 1.367772 1.368029 1.368323 1.368662 1.369049 1.369477 1.369918 1.370322 1.370617 1.370733 1.370638 1.370354 1.369940 1.369458 1.368961 1.368484 1.368048 1.367660 1.367320 1.367023 1.366757 1.366513 1.366280
1.295917 1.295689 1.295436 1.295148 1.294812 1.294422 1.293976 1.293476 1.292936 1.292381 1.291847 1.291387 1.291059 1.290917 1.290984 1.291246 1.291650 1.292134 1.292649 1.293166 1.293671 1.294158 1.294627 1.295072 1.295491 1.295879 1.296232 1.296552 1.296854 1.297142 1.297413 1.297685 1.297973 1.298292 1.298657 1.299076 1.299554 1.300080 1.300620 1.301117 1.301486 1.301640 1.301536 1.301192 1.300675 1.300064 1.299426 1.298810 1.298241 1.297733 1.297287 1.296896 1.296546 1.296225 1.295917
1.225555 1.225233 1.224878 1.224472 1.223999 1.223449 1.222818 1.222109 1.221343 1.220554 1.219802 1.219167 1.218737 1.218586 1.218742 1.219168 1.219784 1.220497 1.221246 1.221992 1.222715 1.223407 1.224061 1.224670 1.225226 1.225724 1.226159 1.226549 1.226916 1.227240 1.227534 1.227824 1.228133 1.228480 1.228883 1.229354 1.229895 1.230495 1.231116 1.231693 1.232134 1.232340 1.232249 1.231873 1.231281 1.230565 1.229807 1.229067 1.228380 1.227764 1.227222 1.226746 1.226320 1.225929 1.225555
1.155192 1.154786 1.154338 1.153824 1.153226 1.152528 1.151723 1.150818 1.149836 1.148826 1.147869 1.147072 1.146558 1.146420 1.146686 1.147297 1.148138 1.149098 1.150104 1.151103 1.152065 1.152975 1.153819 1.154586 1.155266 1.155853 1.156345 1.156786 1.157176 1.157482 1.157746 1.158000 1.158272 1.158589 1.158974 1.159443 1.159997 1.160623 1.161280 1.161899 1.162391 1.162650 1.162604 1.162246 1.161639 1.160874 1.160043 1.159216 1.158439 1.157737 1.157115 1.156566 1.156076 1.155624 1.155192
1.084830 1.084297 1.083710 1.083039 1.082262 1.081362 1.080337 1.079201 1.077995 1.076795 1.075709 1.074878 1.074438 1.074480 1.075002 1.075907 1.077042 1.078305 1.079609 1.080888 1.082105 1.083232 1.084250 1.085146 1.085909 1.086535 1.087050 1.087531 1.087908 1.088164 1.088356 1.088518 1.088686 1.088896 1.089179 1.089554 1.090028 1.090582 1.091173 1.091729 1.092173 1.092411 1.092373 1.092046 1.091471 1.090727 1.089899 1.089061 1.088261 1.087530 1.086875 1.086294 1.085771 1.085289 1.084830
1.014467 1.013850 1.013172 1.012401 1.011514 1.010496 1.009347 1.008094 1.006798 1.005563 1.004537 1.003886 1.003755 1.004201 1.005162 1.006471 1.007995 1.009630 1.011262 1.012814 1.014243 1.015522 1.016637 1.017584 1.018362 1.018973 1.019499 1.019993 1.020308 1.020471 1.020543 1.020554 1.020542 1.020545 1.020603 1.020741 1.020970 1.021273 1.021601 1.021882 1.022045 1.022042 1.021839 1.021439 1.020867 1.020167 1.019395 1.018606 1.017848 1.017149 1.016521 1.015960 1.015449 1.014962 1.014467
0.951714 0.950775 0.949740 0.948559 0.947195 0.945634 0.943899 0.942065 0.940274 0.938725 0.937642 0.937214 0.937520 0.938480 0.939876 0.941538 0.943376 0.945262 0.947091 0.948792 0.950317 0.951646 0.952775 0.953708 0.954455 0.955058 0.955642 0.956162 0.956450 0.956564 0.956559 0.956455 0.956278 0.956058 0.955828 0.955614 0.955428 0.955253 0.955040 0.954716 0.954221 0.953556 0.952802 0.952096 0.951553 0.951212 0.951051 0.951018 0.951059 0.951133 0.951220 0.951312 0.951413 0.951538 0.951714
0.876278 0.875500 0.874657 0.873729 0.872716 0.871656 0.870648 0.869868 0.869583 0.870079 0.871501 0.873725 0.876382 0.878958 0.881373 0.883562 0.885487 0.887149 0.888588 0.889846 0.890955 0.891933 0.892789 0.893530 0.894155 0.894772 0.895452 0.896033 0.896384 0.896561 0.896628 0.896596 0.896476 0.896283 0.896030 0.895722 0.895351 0.894882 0.894248 0.893356 0.892110 0.890435 0.888304 0.885829 0.883289 0.880995 0.879176 0.877904 0.877117 0.876687 0.876486 0.876411 0.876388 0.876360 0.876278
0.833746 0.832533 0.831193 0.829662 0.827919 0.825980 0.823916 0.821915 0.820378 0.819843 0.820583 0.822253 0.824564 0.827060 0.829609 0.831918 0.833875 0.835481 0.836787 0.837858 0.838748 0.839490 0.840106 0.840599 0.841055 0.841573 0.842144 0.842593 0.842842 0.842936 0.842921 0.842795 0.842566 0.842239 0.841814 0.841286 0.840645 0.839870 0.838938 0.837824 0.836513 0.835027 0.833407 0.831714 0.830122 0.828911 0.828268 0.828188 0.828524 0.829102 0.829801 0.830567 0.831405 0.832381 0.833746
0.806433 0.800816 0.795403 0.789998 0.784791 0.780199 0.776566 0.773944 0.772149 0.770968 0.770584 0.770966 0.772043 0.773603 0.775406 0.777235 0.778937 0.780428 0.781687 0.782725 0.783562 0.784217 0.784705 0.785096 0.785468 0.785825 0.786155 0.786338 0.786350 0.786234 0.786017 0.785689 0.785249 0.784710 0.784084 0.783378 0.782601 0.781760 0.780870 0.779956 0.779053 0.778206 0.777465 0.776874 0.776491 0.776318 0.776364 0.776767 0.777623 0.779000 0.780994 0.783785 0.787768 0.793960 0.806433
0.718389 0.713902 0.710324 0.707593 0.705674 0.704483 0.703879 0.703689 0.703759 0.703978 0.704385 0.705014 0.705871 0.706931 0.708139 0.709421 0.710702 0.711920 0.713034 0.714020 0.714866 0.715567 0.716156 0.716661 0.717063 0.717337 0.717446 0.717360 0.717099 0.716700 0.716201 0.715623 0.714956 0.714190 0.713342 0.712433 0.711489 0.710537 0.709605 0.708722 0.707913 0.707196 0.706583 0.706076 0.705671 0.705358 0.705140 0.705060 0.705185 0.705623 0.706492 0.707940 0.710163 0.713456 0.718389
0.630344 0.627823 0.625967 0.624661 0.623809 0.623326 0.623142 0.623213 0.623491 0.623937 0.624518 0.625204 0.625969 0.626787 0.627630 0.628474 0.629299 0.630086 0.630823 0.631501 0.632118 0.632675 0.633176 0.633605 0.633940 0.634155 0.634221 0.634126 0.633890 0.633546 0.633116 0.632624 0.632088 0.631510 0.630876 0.630184 0.629445 0.628673 0.627883 0.627096 0.626329 0.625604 0.624939 0.624352 0.623859 0.623479 0.623234 0.623151 0.623244 0.623524 0.624044 0.624879 0.626123 0.627895 0.630344
0.542299 0.541170 0.540309 0.539684 0.539267 0.539034 0.538968 0.539051 0.539258 0.539560 0.539931 0.540348 0.540793 0.541250 0.541705 0.542149 0.542574 0.542975 0.543350 0.543699 0.544025 0.544329 0.544607 0.544849 0.545046 0.545185 0.545253 0.545237 0.545140 0.544984 0.544780 0.544539 0.544270 0.543980 0.543674 0.543342 0.542980 0.542587 0.542167 0.541725 0.541269 0.540808 0.540356 0.539927 0.539537 0.539203 0.538947 0.538791 0.538761 0.538872 0.539132 0.539566 0.540209 0.541103 0.542299
0.454255 0.453823 0.453480 0.453223 0.453050 0.452955 0.452937 0.452987 0.453093 0.453240 0.453416 0.453609 0.453811 0.454014 0.454212 0.454402 0.454581 0.454748 0.454902 0.455046 0.455181 0.455309 0.455430 0.455538 0.455630 0.455701 0.455747 0.455762 0.455743 0.455696 0.455626 0.455539 0.455439 0.455329 0.455211 0.455086 0.454951 0.454803 0.454638 0.454458 0.454262 0.454054 0.453837 0.453619 0.453406 0.453208 0.453038 0.452909 0.452837 0.452838 0.452922 0.453095 0.453366 0.453748 0.454255
0.366210 0.366065 0.365947 0.365855 0.365792 0.365757 0.365750 0.365770 0.365811 0.365868 0.365936 0.366011 0.366088 0.366166 0.366241 0.366312 0.366379 0.366440 0.366497 0.366549 0.366598 0.366644 0.366688 0.366730 0.366767 0.366797 0.366820 0.366834 0.366837 0.366828 0.366809 0.366783 0.366752 0.366716 0.366677 0.366635 0.366590 0.366541 0.366487 0.366425 0.366356 0.366280 0.366197 0.366109 0.366020 0.365932 0.365852 0.365784 0.365737 0.365720 0.365737 0.365792 0.365888 0.366026 0.366210
0.278165 0.278122 0.278085 0.278056 0.278035 0.278023 0.278019 0.278024 0.278037 0.278055 0.278078 0.278102 0.278128 0.278155 0.278180 0.278204 0.278227 0.278248 0.278267 0.278284 0.278300 0.278316 0.278330 0.278344 0.278358 0.278369 0.278379 0.278386 0.278390 0.278390 0.278386 0.278380 0.278371 0.278361 0.278349 0.278336 0.278322 0.278307 0.278290 0.278271 0.278249 0.278225 0.278198 0.278168 0.278137 0.278105 0.278074 0.278048 0.278027 0.278017 0.278018 0.278033 0.278063 0.278107 0.278165
0.190121 0.190109 0.190098 0.190090 0.190084 0.190080 0.190078 0.190079 0.190082 0.190087 0.190093 0.190100 0.190108 0.190116 0.190124 0.190131 0.190138 0.190145 0.190151 0.190156 0.190161 0.190166 0.190170 0.190175 0.190179 0.190183 0.190186 0.190189 0.190191 0.190192 0.190192 0.190190 0.190188 0.190186 0.190182 0.190179 0.190175 0.190170 0.190165 0.190160 0.190154 0.190146 0.190138 0.190130 0.190120 0.190110 0.190100 0.190091 0.190084 0.190080 0.190079 0.190083 0.190091 0.190104 0.190121
0.102076 0.102073 0.102070 0.102068 0.102067 0.102065 0.102065 0.102065 0.102065 0.102067 0.102068 0.102070 0.102072 0.102074 0.102076 0.102078 0.102080 0.102082 0.102083 0.102085 0.102086 0.102088 0.102089 0.102090 0.102091 0.102092 0.102093 0.102094 0.102095 0.102095 0.102096 0.102096 0.102095 0.102095 0.102094 0.102093 0.102092 0.102091 0.102089 0.102088 0.102086 0.102084 0.102082 0.102080 0.102077 0.102075 0.102072 0.102070 0.102067 0.102066 0.102066 0.102066 0.102068 0.102072 0.102076
0.014031 0.014031 0.014031 0.014031 0.014031 0.014031 0.014031 0.014031 0.014031 0.014031 0.014031 0.014031 0.014031 0.014031 0.014031 0.014031 0.014031 0.014031 0.014031 0.014031 0.014031 0.014031 0.014031 0.014031 0.014031 0.014031 0.014031 0.014031 0.014031 0.014031 0.014031 0.014031 0.014031 0.014031 0.014031 0.014031 0.014031 0.014031 0.014031 0.014031 0.014031 0.014031 0.014031 0.014031 0.014031 0.014031 0.014031 0.014031 0.014031 0.014031 0.014031 0.014031 0.014031 0.014031 0.014031
