3.979982 3.979982 3.979982 3.979982 3.979982 3.979982 3.979982 3.979982 3.979982 3.979982 3.979982 3.979982 3.979982 3.979982 3.979982 3.979982 3.979982 3.979982 3.979982 3.979982 3.979982 3.979982 3.979982 3.979982 3.979982 3.979982 3.979982 3.979982 3.979982 3.979982 3.979982 3.979982 3.979982 3.979982 3.979982 3.979982 3.979982 3.979982 3.979982 3.979982 3.979982 3.979982 3.979982 3.979982 3.979982 3.979982 3.979982 3.979982 3.979982 3.979982 3.979982 3.979982 3.979982 3.979982 3.979982
3.893059 3.893181 3.893303 3.893422 3.893540 3.893654 3.893764 3.893870 3.893972 3.894068 3.894159 3.894244 3.894322 3.894394 3.894460 3.894519 3.894571 3.894616 3.894654 3.894686 3.894712 3.894730 3.894743 3.894749 3.894750 3.894745 3.894734 3.894718 3.894697 3.894671 3.894641 3.894606 3.894567 3.894523 3.894476 3.894425 3.894371 3.894314 3.894253 3.894190 3.894124 3.894055 3.893985 3.893912 3.893839 3.893763 3.893687 3.893609 3.893531 3.893453 3.893374 3.893295 3.893217 3.893138 3.893059
3.806137 3.806426 3.806712 3.806993 3.807269 3.807536 3.807794 3.808042 3.808278 3.808501 3.808711 3.808906 3.809086 3.809250 3.809399 3.809532 3.809649 3.809749 3.809835 3.809905 3.809959 3.809999 3.810025 3.810037 3.810035 3.810020 3.809994 3.809955 3.809904 3.809843 3.809771 3.809689 3.809598 3.809497 3.809388 3.809270 3.809144 3.809011 3.808871 3.808724 3.808571 3.808413 3.808250 3.808083 3.807913 3.807739 3.807563 3.807386 3.807207 3.807028 3.806849 3.806670 3.806492 3.806314 3.806137
3.719214 3.719766 3.720310 3.720844 3.721364 3.721868 3.722352 3.722814 3.723252 3.723664 3.724049 3.724405 3.724732 3.725028 3.725295 3.725531 3.725737 3.725914 3.726061 3.726180 3.726271 3.726335 3.726374 3.726388 3.726377 3.726344 3.726289 3.726212 3.726115 3.725999 3.725864 3.725711 3.725540 3.725353 3.725150 3.724931 3.724698 3.724452 3.724192 3.723920 3.723638 3.723345 3.723044 3.722735 3.722420 3.722100 3.721777 3.721452 3.721127 3.720802 3.720479 3.720158 3.719840 3.719525 3.719214
3.632291 3.633269 3.634229 3.635166 3.636073 3.636946 3.637780 3.638571 3.639315 3.640009 3.640653 3.641244 3.641782 3.642266 3.642697 3.643076 3.643402 3.643678 3.643905 3.644085 3.644219 3.644309 3.644357 3.644364 3.644332 3.644264 3.644160 3.644022 3.643851 3.643648 3.643415 3.643153 3.642862 3.642543 3.642198 3.641826 3.641430 3.641011 3.640568 3.640105 3.639623 3.639124 3.638610 3.638083 3.637547 3.637005 3.636459 3.635913 3.635370 3.634833 3.634303 3.633783 3.633275 3.632778 3.632291
3.545369 3.547018 3.548626 3.550183 3.551680 3.553110 3.554464 3.555737 3.556924 3.558023 3.559032 3.559949 3.560776 3.561513 3.562162 3.562725 3.563204 3.563603 3.563925 3.564172 3.564349 3.564459 3.564505 3.564489 3.564415 3.564285 3.564101 3.563866 3.563582 3.563249 3.562870 3.562445 3.561975 3.561462 3.560905 3.560307 3.559667 3.558988 3.558272 3.557521 3.556737 3.555926 3.555091 3.554237 3.553371 3.552499 3.551628 3.550764 3.549914 3.549084 3.548280 3.547504 3.546760 3.546049 3.545369
3.458446 3.461048 3.463571 3.466003 3.468333 3.470547 3.472634 3.474585 3.476391 3.478050 3.479559 3.480918 3.482131 3.483200 3.484130 3.484927 3.485595 3.486140 3.486569 3.486887 3.487100 3.487215 3.487236 3.487168 3.487016 3.486784 3.486474 3.486090 3.485634 3.485108 3.484512 3.483847 3.483115 3.482314 3.481445 3.480510 3.479509 3.478445 3.477320 3.476138 3.474907 3.473634 3.472329 3.471003 3.469669 3.468340 3.467029 3.465751 3.464516 3.463335 3.462216 3.461166 3.460187 3.459281 3.458446
3.371524 3.375089 3.378587 3.382015 3.385360 3.388599 3.391698 3.394626 3.397351 3.399852 3.402115 3.404137 3.405921 3.407473 3.408804 3.409924 3.410844 3.411576 3.412132 3.412522 3.412757 3.412848 3.412804 3.412632 3.412341 3.411936 3.411421 3.410800 3.410076 3.409248 3.408319 3.407286 3.406149 3.404908 3.403560 3.402107 3.400551 3.398896 3.397149 3.395324 3.393435 3.391502 3.389547 3.387595 3.385671 3.383799 3.382000 3.380291 3.378685 3.377193 3.375820 3.374567 3.373434 3.372420 3.371524
3.284601 3.288179 3.291871 3.295752 3.299859 3.304179 3.308642 3.313130 3.317507 3.321639 3.325423 3.328788 3.331701 3.334167 3.336210 3.337866 3.339171 3.340160 3.340862 3.341305 3.341512 3.341505 3.341302 3.340918 3.340364 3.339650 3.338782 3.337763 3.336595 3.335275 3.333801 3.332170 3.330377 3.328420 3.326299 3.324018 3.321588 3.319028 3.316364 3.313632 3.310872 3.308128 3.305443 3.302857 3.300402 3.298100 3.295969 3.294013 3.292235 3.290626 3.289178 3.287873 3.286692 3.285611 3.284601
3.197679 3.199060 3.200838 3.203294 3.206735 3.211405 3.217345 3.224310 3.231843 3.239433 3.246634 3.253112 3.258652 3.263166 3.266680 3.269301 3.271168 3.272416 3.273162 3.273496 3.273482 3.273170 3.272593 3.271778 3.270739 3.269486 3.268023 3.266350 3.264464 3.262357 3.260023 3.257458 3.254661 3.251639 3.248412 3.245010 3.241482 3.237885 3.234289 3.230762 3.227367 3.224155 3.221157 3.218384 3.215831 3.213483 3.211320 3.209328 3.207494 3.205806 3.204239 3.202747 3.201255 3.199637 3.197679
3.157754 3.158847 3.160101 3.161598 3.163421 3.165641 3.168317 3.171498 3.175230 3.179553 3.184418 3.189594 3.194683 3.199253 3.202991 3.205771 3.207621 3.208659 3.209032 3.208869 3.208276 3.207324 3.206062 3.204519 3.202711 3.200644 3.198316 3.195725 3.192869 3.189748 3.186373 3.182768 3.178977 3.175066 3.171127 3.167274 3.163636 3.160346 3.157524 3.155266 3.153621 3.152595 3.152139 3.152165 3.152554 3.153176 3.153909 3.154654 3.155341 3.155938 3.156434 3.156843 3.157185 3.157482 3.157754
3.102610 3.103747 3.105036 3.106556 3.108387 3.110600 3.113257 3.116393 3.120002 3.124024 3.128323 3.132685 3.136839 3.140504 3.143445 3.145524 3.146716 3.147085 3.146745 3.145818 3.144413 3.142607 3.140455 3.137986 3.135215 3.132149 3.128791 3.125150 3.121242 3.117102 3.112785 3.108375 3.103984 3.099750 3.095829 3.092379 3.089541 3.087421 3.086073 3.085489 3.085603 3.086301 3.087444 3.088886 3.090491 3.092145 3.093762 3.095282 3.096670 3.097913 3.099017 3.100002 3.100901 3.101755 3.102610
3.049956 3.051026 3.052229 3.053626 3.055272 3.057215 3.059485 3.062092 3.065013 3.068187 3.071508 3.074820 3.077929 3.080624 3.082717 3.084075 3.084642 3.084432 3.083509 3.081959 3.079866 3.077301 3.074319 3.070956 3.067238 3.063189 3.058835 3.054217 3.049395 3.044455 3.039513 3.034714 3.030224 3.026220 3.022870 3.020313 3.018644 3.017896 3.018043 3.019001 3.020644 3.022818 3.025362 3.028118 3.030941 3.033711 3.036336 3.038749 3.040917 3.042833 3.044516 3.046005 3.047360 3.048650 3.049956
2.984619 2.985759 2.987030 2.988493 2.990198 2.992180 2.994458 2.997026 2.999850 3.002867 3.005980 3.009056 3.011942 3.014467 3.016468 3.017811 3.018407 3.018219 3.017256 3.015561 3.013193 3.010215 3.006689 3.002671 2.998216 2.993382 2.988241 2.982881 2.977418 2.971990 2.966762 2.961913 2.957623 2.954057 2.951346 2.949571 2.948756 2.948868 2.949821 2.951490 2.953727 2.956374 2.959275 2.962288 2.965287 2.968173 2.970869 2.973328 2.975525 2.977461 2.979160 2.980662 2.982026 2.983320 2.984619
2.914256 2.915327 2.916523 2.917902 2.919514 2.921396 2.923568 2.926030 2.928758 2.931698 2.934768 2.937858 2.940832 2.943538 2.945816 2.947518 2.948517 2.948724 2.948091 2.946611 2.944309 2.941239 2.937466 2.933072 2.928147 2.922795 2.917139 2.911318 2.905495 2.899848 2.894565 2.889830 2.885807 2.882628 2.880375 2.879080 2.878721 2.879225 2.880487 2.882371 2.884732 2.887422 2.890298 2.893234 2.896122 2.898875 2.901430 2.903746 2.905807 2.907618 2.909201 2.910599 2.911864 2.913060 2.914256
2.843894 2.844831 2.845882 2.847101 2.848536 2.850229 2.852204 2.854470 2.857015 2.859800 2.862757 2.865793 2.868785 2.871589 2.874047 2.876000 2.877299 2.877820 2.877476 2.876220 2.874049 2.870995 2.867128 2.862544 2.857362 2.851724 2.845793 2.839749 2.833787 2.828105 2.822896 2.818336 2.814566 2.811686 2.809747 2.808749 2.808648 2.809359 2.810769 2.812747 2.815151 2.817842 2.820689 2.823573 2.826394 2.829072 2.831549 2.833789 2.835778 2.837521 2.839044 2.840385 2.841599 2.842746 2.843894
2.773531 2.774415 2.775406 2.776559 2.777919 2.779526 2.781407 2.783572 2.786010 2.788687 2.791542 2.794488 2.797410 2.800175 2.802630 2.804619 2.805990 2.806610 2.806372 2.805209 2.803098 2.800058 2.796153 2.791486 2.786195 2.780444 2.774423 2.768335 2.762392 2.756798 2.751745 2.747392 2.743863 2.741235 2.739537 2.738755 2.738830 2.739673 2.741170 2.743191 2.745602 2.748269 2.751069 2.753889 2.756637 2.759237 2.761636 2.763801 2.765720 2.767400 2.768866 2.770157 2.771324 2.772428 2.773531
2.703169 2.704031 2.704997 2.706119 2.707440 2.708998 2.710817 2.712906 2.715255 2.717830 2.720575 2.723407 2.726220 2.728886 2.731263 2.733199 2.734545 2.735164 2.734946 2.733812 2.731729 2.728710 2.724815 2.720152 2.714866 2.709136 2.703165 2.697167 2.691358 2.685943 2.681103 2.676987 2.673700 2.671305 2.669818 2.669212 2.669423 2.670360 2.671909 2.673943 2.676333 2.678953 2.681682 2.684417 2.687069 2.689569 2.691868 2.693936 2.695764 2.697361 2.698752 2.699976 2.701081 2.702125 2.703169
2.632806 2.633619 2.634531 2.635591 2.636842 2.638320 2.640050 2.642042 2.644288 2.646756 2.649392 2.652119 2.654831 2.657408 2.659707 2.661583 2.662887 2.663485 2.663263 2.662144 2.660092 2.657117 2.653282 2.648696 2.643509 2.637905 2.632091 2.626283 2.620695 2.615525 2.610944 2.607088 2.604050 2.601880 2.600584 2.600130 2.600450 2.601451 2.603021 2.605038 2.607378 2.609918 2.612547 2.615166 2.617692 2.620064 2.622236 2.624183 2.625899 2.627394 2.628693 2.629833 2.630863 2.631834 2.632806
2.562443 2.563218 2.564088 2.565099 2.566293 2.567704 2.569358 2.571262 2.573410 2.575771 2.578292 2.580898 2.583489 2.585945 2.588132 2.589907 2.591130 2.591671 2.591421 2.590305 2.588289 2.585387 2.581659 2.577214 2.572202 2.566807 2.561232 2.555689 2.550384 2.545505 2.541213 2.537631 2.534842 2.532886 2.531762 2.531434 2.531832 2.532864 2.534423 2.536389 2.538644 2.541072 2.543570 2.546044 2.548420 2.550641 2.552668 2.554479 2.556070 2.557454 2.558654 2.559705 2.560654 2.561549 2.562443
2.492081 2.492824 2.493658 2.494626 2.495768 2.497116 2.498692 2.500503 2.502541 2.504777 2.507160 2.509616 2.512053 2.514357 2.516403 2.518056 2.519184 2.519663 2.519393 2.518301 2.516355 2.513569 2.510002 2.505759 2.500988 2.495866 2.490590 2.485362 2.480380 2.475820 2.471831 2.468525 2.465976 2.464216 2.463240 2.463008 2.463453 2.464485 2.465999 2.467885 2.470029 2.472323 2.474671 2.476986 2.479200 2.481261 2.483134 2.484803 2.486265 2.487532 2.488628 2.489588 2.490452 2.491266 2.492081
2.421718 2.422399 2.423164 2.424053 2.425102 2.426344 2.427798 2.429474 2.431364 2.433444 2.435667 2.437966 2.440252 2.442421 2.444351 2.445915 2.446987 2.447448 2.447202 2.446180 2.444352 2.441729 2.438370 2.434378 2.429894 2.425087 2.420147 2.415265 2.410627 2.406397 2.402712 2.399674 2.397347 2.395758 2.394899 2.394730 2.395184 2.396178 2.397613 2.399384 2.401388 2.403524 2.405703 2.407845 2.409890 2.411790 2.413514 2.415048 2.416390 2.417552 2.418556 2.419435 2.420226 2.420972 2.421718
2.351356 2.351970 2.352662 2.353466 2.354419 2.355549 2.356877 2.358412 2.360151 2.362071 2.364131 2.366269 2.368405 2.370438 2.372256 2.373739 2.374764 2.375220 2.375014 2.374079 2.372387 2.369949 2.366821 2.363103 2.358929 2.354460 2.349874 2.345352 2.341065 2.337165 2.333777 2.330992 2.328867 2.327424 2.326652 2.326513 2.326945 2.327869 2.329194 2.330826 2.332668 2.334629 2.336628 2.338595 2.340472 2.342217 2.343801 2.345211 2.346446 2.347516 2.348441 2.349251 2.349980 2.350668 2.351356
2.280993 2.281551 2.282179 2.282911 2.283779 2.284809 2.286023 2.287430 2.289027 2.290796 2.292700 2.294684 2.296671 2.298571 2.300276 2.301673 2.302648 2.303093 2.302921 2.302070 2.300513 2.298261 2.295371 2.291934 2.288080 2.283958 2.279735 2.275578 2.271644 2.268071 2.264971 2.262428 2.260489 2.259175 2.258473 2.258348 2.258743 2.259586 2.260794 2.262280 2.263958 2.265745 2.267566 2.269358 2.271069 2.272659 2.274103 2.275389 2.276515 2.277490 2.278334 2.279073 2.279738 2.280366 2.280993
2.210631 2.211143 2.211719 2.212391 2.213189 2.214137 2.215256 2.216555 2.218031 2.219668 2.221432 2.223271 2.225116 2.226879 2.228463 2.229762 2.230669 2.231087 2.230933 2.230152 2.228721 2.226652 2.223998 2.220847 2.217317 2.213550 2.209695 2.205907 2.202327 2.199080 2.196267 2.193959 2.192202 2.191010 2.190373 2.190257 2.190612 2.191372 2.192462 2.193804 2.195319 2.196933 2.198577 2.200193 2.201734 2.203165 2.204463 2.205617 2.206627 2.207501 2.208256 2.208916 2.209510 2.210071 2.210631
2.140268 2.140747 2.141285 2.141913 2.142656 2.143539 2.144579 2.145783 2.147148 2.148659 2.150285 2.151975 2.153668 2.155284 2.156733 2.157919 2.158746 2.159125 2.158982 2.158267 2.156961 2.155077 2.152665 2.149807 2.146611 2.143205 2.139728 2.136315 2.133094 2.130176 2.127650 2.125579 2.124002 2.122931 2.122357 2.122248 2.122560 2.123233 2.124201 2.125394 2.126740 2.128172 2.129630 2.131062 2.132426 2.133691 2.134838 2.135856 2.136746 2.137515 2.138180 2.138761 2.139283 2.139776 2.140268
2.069906 2.070340 2.070828 2.071398 2.072073 2.072875 2.073820 2.074915 2.076159 2.077536 2.079019 2.080562 2.082109 2.083586 2.084912 2.085999 2.086759 2.087112 2.086992 2.086356 2.085187 2.083500 2.081342 2.078788 2.075937 2.072904 2.069813 2.066785 2.063931 2.061349 2.059115 2.057283 2.055887 2.054936 2.054421 2.054315 2.054576 2.055154 2.055990 2.057021 2.058187 2.059427 2.060691 2.061931 2.063113 2.064209 2.065202 2.066084 2.066854 2.067521 2.068096 2.068600 2.069052 2.069479 2.069906
1.999543 1.999929 2.000364 2.000871 2.001473 2.002190 2.003036 2.004019 2.005137 2.006378 2.007717 2.009112 2.010513 2.011852 2.013056 2.014045 2.014739 2.015068 2.014973 2.014419 2.013392 2.011909 2.010013 2.007773 2.005279 2.002632 1.999939 1.997307 1.994830 1.992591 1.990655 1.989068 1.987855 1.987024 1.986566 1.986457 1.986662 1.987138 1.987833 1.988697 1.989677 1.990721 1.991787 1.992834 1.993832 1.994757 1.995594 1.996337 1.996985 1.997545 1.998028 1.998450 1.998829 1.999186 1.999543
1.929180 1.929528 1.929919 1.930375 1.930916 1.931560 1.932319 1.933199 1.934200 1.935309 1.936502 1.937743 1.938986 1.940172 1.941234 1.942105 1.942715 1.943005 1.942925 1.942446 1.941560 1.940285 1.938659 1.936745 1.934621 1.932372 1.930092 1.927869 1.925781 1.923897 1.922268 1.920932 1.919906 1.919197 1.918795 1.918680 1.918821 1.919183 1.919724 1.920403 1.921178 1.922008 1.922858 1.923697 1.924499 1.925247 1.925927 1.926533 1.927064 1.927525 1.927924 1.928273 1.928587 1.928884 1.929180
1.858818 1.859131 1.859482 1.859892 1.860376 1.860949 1.861622 1.862399 1.863277 1.864244 1.865280 1.866352 1.867420 1.868435 1.869342 1.870083 1.870601 1.870848 1.870783 1.870386 1.869650 1.868594 1.867253 1.865680 1.863941 1.862109 1.860257 1.858458 1.856774 1.855258 1.853949 1.852874 1.852046 1.851467 1.851128 1.851012 1.851094 1.851347 1.851738 1.852234 1.852805 1.853419 1.854051 1.854676 1.855276 1.855837 1.856348 1.856806 1.857208 1.857557 1.857860 1.858126 1.858366 1.858592 1.858818
1.788455 1.788708 1.788992 1.789324 1.789718 1.790186 1.790739 1.791380 1.792109 1.792916 1.793785 1.794688 1.795592 1.796453 1.797225 1.797858 1.798307 1.798530 1.798499 1.798199 1.797630 1.796810 1.795770 1.794555 1.793218 1.791819 1.790413 1.789055 1.787791 1.786657 1.785682 1.784882 1.784264 1.783827 1.783562 1.783457 1.783493 1.783649 1.783901 1.784227 1.784603 1.785009 1.785424 1.785834 1.786224 1.786586 1.786914 1.787204 1.787457 1.787676 1.787864 1.788029 1.788177 1.788316 1.788455
1.718093 1.718299 1.718531 1.718802 1.719124 1.719505 1.719955 1.720476 1.721066 1.721717 1.722413 1.723134 1.723849 1.724526 1.725128 1.725618 1.725963 1.726137 1.726120 1.725906 1.725500 1.724918 1.724186 1.723342 1.722423 1.721473 1.720530 1.719629 1.718800 1.718065 1.717437 1.716923 1.716524 1.716237 1.716052 1.715960 1.715948 1.716003 1.716111 1.716259 1.716434 1.716623 1.716816 1.717004 1.717180 1.717340 1.717481 1.717603 1.717707 1.717794 1.717868 1.717931 1.717988 1.718040 1.718093
1.647730 1.647904 1.648098 1.648322 1.648585 1.648892 1.649247 1.649650 1.650097 1.650578 1.651082 1.651590 1.652082 1.652538 1.652935 1.653251 1.653469 1.653576 1.653564 1.653435 1.653196 1.652862 1.652454 1.651995 1.651511 1.651026 1.650562 1.650136 1.649758 1.649436 1.649168 1.648953 1.648782 1.648650 1.648545 1.648462 1.648392 1.648331 1.648275 1.648222 1.648170 1.648119 1.648069 1.648022 1.647977 1.647936 1.647899 1.647867 1.647839 1.647815 1.647794 1.647776 1.647760 1.647745 1.647730
1.577368 1.577461 1.577566 1.577688 1.577831 1.578000 1.578196 1.578420 1.578670 1.578940 1.579223 1.579509 1.579785 1.580040 1.580263 1.580442 1.580572 1.580652 1.580683 1.580672 1.580630 1.580571 1.580508 1.580455 1.580424 1.580422 1.580453 1.580517 1.580607 1.580714 1.580825 1.580925 1.581000 1.581037 1.581027 1.580964 1.580847 1.580677 1.580463 1.580214 1.579940 1.579654 1.579367 1.579088 1.578825 1.578583 1.578366 1.578175 1.578010 1.577868 1.577747 1.577641 1.577546 1.577457 1.577368
1.507005 1.507024 1.507044 1.507068 1.507096 1.507128 1.507164 1.507203 1.507244 1.507286 1.507324 1.507358 1.507385 1.507405 1.507420 1.507433 1.507452 1.507487 1.507550 1.507653 1.507809 1.508027 1.508315 1.508675 1.509103 1.509592 1.510129 1.510695 1.511268 1.511823 1.512333 1.512774 1.513122 1.513360 1.513474 1.513461 1.513324 1.513071 1.512720 1.512291 1.511808 1.511295 1.510772 1.510260 1.509773 1.509323 1.508916 1.508556 1.508242 1.507971 1.507737 1.507534 1.507350 1.507178 1.507005
1.436642 1.436597 1.436546 1.436484 1.436409 1.436315 1.436199 1.436058 1.435890 1.435692 1.435469 1.435223 1.434966 1.434711 1.434476 1.434281 1.434151 1.434110 1.434178 1.434376 1.434714 1.435199 1.435828 1.436592 1.437474 1.438450 1.439491 1.440562 1.441626 1.442643 1.443576 1.444386 1.445044 1.445523 1.445807 1.445890 1.445776 1.445480 1.445025 1.444443 1.443766 1.443032 1.442273 1.441521 1.440800 1.440128 1.439519 1.438978 1.438505 1.438097 1.437745 1.437438 1.437162 1.436902 1.436642
1.366280 1.366141 1.365984 1.365800 1.365580 1.365316 1.365001 1.364632 1.364207 1.363730 1.363210 1.362662 1.362107 1.361573 1.361093 1.360703 1.360440 1.360340 1.360430 1.360733 1.361260 1.362010 1.362974 1.364129 1.365446 1.366889 1.368415 1.369977 1.371524 1.373006 1.374373 1.375578 1.376580 1.377347 1.377855 1.378096 1.378070 1.377796 1.377299 1.376618 1.375796 1.374879 1.373912 1.372936 1.371986 1.371091 1.370269 1.369532 1.368883 1.368318 1.367828 1.367398 1.367011 1.366645 1.366280
1.295917 1.295652 1.295354 1.295009 1.294601 1.294120 1.293558 1.292912 1.292184 1.291386 1.290537 1.289661 1.288796 1.287982 1.287266 1.286698 1.286324 1.286187 1.286319 1.286740 1.287458 1.288465 1.289741 1.291254 1.292965 1.294827 1.296788 1.298793 1.300784 1.302702 1.304490 1.306091 1.307457 1.308546 1.309329 1.309788 1.309921 1.309742 1.309279 1.308571 1.307668 1.306623 1.305492 1.304327 1.303173 1.302070 1.301044 1.300113 1.299287 1.298562 1.297929 1.297372 1.296869 1.296393 1.295917
1.225555 1.225179 1.224757 1.224268 1.223691 1.223011 1.222216 1.221304 1.220280 1.219160 1.217972 1.216754 1.215556 1.214436 1.213457 1.212682 1.212171 1.211974 1.212124 1.212637 1.213512 1.214731 1.216261 1.218062 1.220083 1.222271 1.224572 1.226925 1.229270 1.231546 1.233691 1.235645 1.237352 1.238764 1.239843 1.240564 1.240918 1.240910 1.240564 1.239917 1.239020 1.237930 1.236710 1.235421 1.234121 1.232857 1.231666 1.230576 1.229598 1.228736 1.227979 1.227309 1.226703 1.226129 1.225555
1.155192 1.154715 1.154179 1.153557 1.152823 1.151956 1.150942 1.149777 1.148466 1.147032 1.145509 1.143949 1.142417 1.140990 1.139750 1.138776 1.138140 1.137895 1.138072 1.138675 1.139689 1.141079 1.142799 1.144795 1.147014 1.149399 1.151895 1.154447 1.156997 1.159486 1.161857 1.164048 1.166004 1.167674 1.169015 1.169995 1.170597 1.170818 1.170674 1.170194 1.169424 1.168417 1.167237 1.165948 1.164611 1.163282 1.162008 1.160823 1.159747 1.158787 1.157938 1.157183 1.156495 1.155844 1.155192
1.084830 1.084204 1.083505 1.082695 1.081745 1.080630 1.079336 1.077862 1.076221 1.074444 1.072581 1.070702 1.068890 1.067241 1.065853 1.064816 1.064200 1.064048 1.064372 1.065153 1.066351 1.067912 1.069775 1.071882 1.074177 1.076609 1.079132 1.081697 1.084256 1.086760 1.089157 1.091394 1.093420 1.095188 1.096655 1.097791 1.098575 1.098998 1.099070 1.098812 1.098259 1.097458 1.096463 1.095332 1.094124 1.092892 1.091684 1.090537 1.089478 1.088519 1.087659 1.086886 1.086178 1.085504 1.084830
1.014467 1.013710 1.012863 1.011884 1.010737 1.009395 1.007842 1.006079 1.004126 1.002028 0.999852 0.997694 0.995665 0.993887 0.992477 0.991525 0.991088 0.991178 0.991766 0.992797 0.994197 0.995894 0.997823 0.999927 1.002162 1.004488 1.006870 1.009272 1.011656 1.013980 1.016197 1.018264 1.020134 1.021768 1.023136 1.024215 1.024992 1.025465 1.025644 1.025545 1.025195 1.024629 1.023889 1.023021 1.022074 1.021092 1.020119 1.019187 1.018321 1.017533 1.016826 1.016188 1.015601 1.015038 1.014467
0.951714 0.950626 0.949412 0.948009 0.946366 0.944442 0.942219 0.939701 0.936928 0.933975 0.930963 0.928046 0.925400 0.923197 0.921573 0.920606 0.920300 0.920594 0.921387 0.922567 0.924033 0.925707 0.927528 0.929458 0.931469 0.933539 0.935646 0.937766 0.939869 0.941918 0.943867 0.945668 0.947273 0.948637 0.949732 0.950549 0.951102 0.951429 0.951583 0.951623 0.951604 0.951568 0.951541 0.951533 0.951546 0.951574 0.951607 0.951640 0.951666 0.951684 0.951695 0.951699 0.951700 0.951704 0.951714
0.876278 0.875175 0.873942 0.872523 0.870873 0.868962 0.866788 0.864379 0.861810 0.859212 0.856767 0.854680 0.853111 0.852115 0.851657 0.851659 0.852041 0.852737 0.853681 0.854817 0.856099 0.857492 0.858973 0.860530 0.862153 0.863836 0.865571 0.867346 0.869142 0.870932 0.872678 0.874335 0.875844 0.877146 0.878175 0.878877 0.879210 0.879158 0.878740 0.878013 0.877076 0.876058 0.875101 0.874328 0.873814 0.873574 0.873578 0.873764 0.874070 0.874439 0.874831 0.875220 0.875593 0.875946 0.876278
0.833746 0.832385 0.830825 0.828960 0.826689 0.823930 0.820634 0.816799 0.812476 0.807791 0.803004 0.798510 0.794710 0.791835 0.789905 0.788787 0.788296 0.788263 0.788552 0.789073 0.789765 0.790591 0.791531 0.792570 0.793702 0.794923 0.796229 0.797616 0.799077 0.800603 0.802179 0.803784 0.805390 0.806964 0.808471 0.809873 0.811143 0.812268 0.813261 0.814160 0.815032 0.815959 0.817018 0.818257 0.819680 0.821245 0.822882 0.824515 0.826084 0.827553 0.828909 0.830162 0.831346 0.832515 0.833746
0.806433 0.804499 0.802028 0.798643 0.793948 0.787662 0.779832 0.770946 0.761770 0.753050 0.745327 0.738905 0.733864 0.730105 0.727422 0.725581 0.724375 0.723639 0.723254 0.723140 0.723240 0.723516 0.723940 0.724496 0.725171 0.725955 0.726843 0.727834 0.728925 0.730116 0.731408 0.732800 0.734290 0.735878 0.737561 0.739337 0.741208 0.743185 0.745287 0.747552 0.750031 0.752788 0.755884 0.759360 0.763217 0.767401 0.771805 0.776284 0.780688 0.784907 0.788901 0.792736 0.796598 0.800872 0.806433
0.718389 0.713521 0.708603 0.703541 0.698304 0.692935 0.687556 0.682342 0.677472 0.673083 0.669253 0.665999 0.663291 0.661073 0.659283 0.657863 0.656763 0.655941 0.655360 0.654989 0.654801 0.654772 0.654885 0.655125 0.655478 0.655938 0.656497 0.657151 0.657900 0.658744 0.659683 0.660722 0.661865 0.663116 0.664480 0.665963 0.667569 0.669305 0.671177 0.673191 0.675356 0.677681 0.680176 0.682846 0.685688 0.688690 0.691823 0.695049 0.698324 0.701609 0.704878 0.708132 0.711405 0.714775 0.718389
0.630344 0.625735 0.621293 0.617023 0.612946 0.609092 0.605499 0.602198 0.599211 0.596543 0.594186 0.592124 0.590338 0.588806 0.587508 0.586425 0.585538 0.584832 0.584289 0.583895 0.583636 0.583498 0.583472 0.583548 0.583718 0.583975 0.584314 0.584733 0.585229 0.585802 0.586452 0.587181 0.587991 0.588887 0.589871 0.590950 0.592126 0.593406 0.594793 0.596291 0.597904 0.599634 0.601483 0.603451 0.605536 0.607733 0.610035 0.612428 0.614896 0.617420 0.619982 0.622565 0.625158 0.627752 0.630344
0.542299 0.539054 0.535947 0.532993 0.530208 0.527603 0.525189 0.522972 0.520951 0.519124 0.517486 0.516027 0.514740 0.513616 0.512644 0.511815 0.511119 0.510547 0.510091 0.509740 0.509487 0.509324 0.509246 0.509244 0.509316 0.509455 0.509658 0.509924 0.510249 0.510634 0.511077 0.511580 0.512144 0.512770 0.513461 0.514220 0.515049 0.515953 0.516933 0.517993 0.519135 0.520360 0.521670 0.523065 0.524543 0.526100 0.527732 0.529432 0.531191 0.532999 0.534842 0.536708 0.538581 0.540450 0.542299
0.454255 0.452246 0.450301 0.448435 0.446657 0.444977 0.443402 0.441937 0.440584 0.439344 0.438216 0.437198 0.436287 0.435479 0.434771 0.434157 0.433632 0.433192 0.432831 0.432544 0.432327 0.432175 0.432084 0.432049 0.432068 0.432138 0.432256 0.432420 0.432629 0.432882 0.433178 0.433517 0.433900 0.434327 0.434800 0.435319 0.435887 0.436505 0.437175 0.437898 0.438675 0.439507 0.440394 0.441336 0.442331 0.443378 0.444474 0.445613 0.446790 0.448000 0.449234 0.450485 0.451744 0.453003 0.454255
0.366210 0.365036 0.363888 0.362774 0.361700 0.360674 0.359700 0.358783 0.357925 0.357129 0.356396 0.355726 0.355119 0.354574 0.354089 0.353663 0.353294 0.352979 0.352716 0.352502 0.352335 0.352211 0.352129 0.352087 0.352082 0.352112 0.352176 0.352273 0.352401 0.352559 0.352748 0.352967 0.353215 0.353494 0.353803 0.354143 0.354514 0.354918 0.355354 0.355823 0.356326 0.356863 0.357433 0.358036 0.358671 0.359337 0.360031 0.360750 0.361493 0.362255 0.363032 0.363820 0.364615 0.365413 0.366210
0.278165 0.277509 0.276863 0.276231 0.275617 0.275025 0.274459 0.273920 0.273412 0.272936 0.272493 0.272083 0.271709 0.271369 0.271064 0.270793 0.270555 0.270350 0.270175 0.270031 0.269915 0.269827 0.269766 0.269729 0.269716 0.269726 0.269758 0.269811 0.269885 0.269978 0.270091 0.270223 0.270374 0.270544 0.270734 0.270942 0.271169 0.271416 0.271683 0.271969 0.272274 0.272600 0.272944 0.273306 0.273687 0.274085 0.274498 0.274925 0.275366 0.275817 0.276277 0.276744 0.277216 0.277690 0.278165
0.190121 0.189779 0.189441 0.189109 0.188785 0.188471 0.188169 0.187880 0.187605 0.187346 0.187103 0.186877 0.186669 0.186479 0.186307 0.186152 0.186015 0.185896 0.185794 0.185708 0.185638 0.185584 0.185545 0.185519 0.185508 0.185510 0.185524 0.185551 0.185589 0.185639 0.185700 0.185773 0.185856 0.185950 0.186055 0.186171 0.186298 0.186435 0.186583 0.186741 0.186910 0.187089 0.187279 0.187478 0.187686 0.187903 0.188128 0.188361 0.188600 0.188845 0.189095 0.189348 0.189604 0.189862 0.190121
0.102076 0.101932 0.101789 0.101648 0.101511 0.101377 0.101248 0.101124 0.101005 0.100893 0.100788 0.100689 0.100598 0.100514 0.100438 0.100369 0.100308 0.100254 0.100207 0.100168 0.100136 0.100110 0.100091 0.100079 0.100072 0.100072 0.100077 0.100088 0.100104 0.100125 0.100152 0.100183 0.100220 0.100261 0.100307 0.100358 0.100413 0.100474 0.100539 0.100608 0.100682 0.100761 0.100843 0.100930 0.101021 0.101115 0.101213 0.101314 0.101418 0.101524 0.101632 0.101741 0.101852 0.101964 0.102076
0.014031 0.014031 0.014031 0.014031 0.014031 0.014031 0.014031 0.014031 0.014031 0.014031 0.014031 0.014031 0.014031 0.014031 0.014031 0.014031 0.014031 0.014031 0.014031 0.014031 0.014031 0.014031 0.014031 0.014031 0.014031 0.014031 0.014031 0.014031 0.014031 0.014031 0.014031 0.014031 0.014031 0.014031 0.014031 0.014031 0.014031 0.014031 0.014031 0.014031 0.014031 0.014031 0.014031 0.014031 0.014031 0.014031 0.014031 0.014031 0.014031 0.014031 0.014031 0.014031 0.014031 0.014031 0.014031
