0.010000 0.029259 0.048519 0.067778 0.087037 0.106296 0.125556 0.144815 0.164074 0.183333 0.202593 0.221852 0.241111 0.260370 0.279630 0.298889 0.318148 0.337407 0.356667 0.375926 0.395185 0.414444 0.433704 0.452963 0.472222 0.491481 0.510741 0.530000 0.549259 0.568519 0.587778 0.607037 0.626296 0.645556 0.664815 0.684074 0.703333 0.722593 0.741852 0.761111 0.780370 0.799630 0.818889 0.838148 0.857407 0.876667 0.895926 0.915185 0.934444 0.953704 0.972963 0.992222 1.011481 1.030741 1.050000
0.010000 0.029260 0.048520 0.067779 0.087038 0.106297 0.125555 0.144813 0.164071 0.183330 0.202588 0.221847 0.241105 0.260364 0.279624 0.298883 0.318143 0.337402 0.356662 0.375922 0.395181 0.414441 0.433700 0.452960 0.472219 0.491478 0.510738 0.529997 0.549257 0.568517 0.587777 0.607037 0.626298 0.645557 0.664817 0.684077 0.703337 0.722596 0.741856 0.761116 0.780375 0.799635 0.818895 0.838155 0.857415 0.876675 0.895935 0.915194 0.934452 0.953710 0.972968 0.992225 1.011483 1.030741 1.050000
0.010000 0.029263 0.048524 0.067783 0.087041 0.106297 0.125552 0.144806 0.164061 0.183316 0.202572 0.221829 0.241087 0.260346 0.279606 0.298866 0.318127 0.337388 0.356649 0.375910 0.395170 0.414430 0.433690 0.452950 0.472209 0.491470 0.510730 0.529992 0.549253 0.568515 0.587778 0.607041 0.626303 0.645564 0.664825 0.684086 0.703346 0.722607 0.741868 0.761129 0.780391 0.799653 0.818915 0.838177 0.857439 0.876700 0.895960 0.915218 0.934474 0.953728 0.972981 0.992234 1.011488 1.030744 1.050000
0.010000 0.029270 0.048534 0.067793 0.087045 0.106293 0.125536 0.144775 0.164018 0.183264 0.202514 0.221768 0.241025 0.260285 0.279548 0.298812 0.318077 0.337342 0.356607 0.375871 0.395134 0.414397 0.433657 0.452918 0.472181 0.491445 0.510710 0.529978 0.549247 0.568518 0.587788 0.607057 0.626324 0.645589 0.664853 0.684117 0.703380 0.722643 0.741908 0.761175 0.780444 0.799713 0.818983 0.838252 0.857518 0.876781 0.896040 0.915293 0.934539 0.953779 0.973016 0.992257 1.011501 1.030749 1.050000
0.010000 0.029291 0.048563 0.067814 0.087047 0.106264 0.125466 0.144663 0.163872 0.183094 0.202329 0.221576 0.240833 0.260099 0.279371 0.298647 0.317926 0.337204 0.356482 0.375757 0.395028 0.414295 0.433560 0.452830 0.472104 0.491382 0.510666 0.529955 0.549249 0.568546 0.587836 0.607119 0.626397 0.645672 0.664945 0.684216 0.703485 0.722761 0.742042 0.761328 0.780617 0.799907 0.819195 0.838477 0.857752 0.877015 0.896264 0.915496 0.934709 0.953903 0.973099 0.992306 1.011526 1.030757 1.050000
0.010000 0.029343 0.048626 0.067853 0.087025 0.106151 0.125235 0.144319 0.163439 0.182598 0.201796 0.221029 0.240292 0.259578 0.278882 0.298196 0.317514 0.336832 0.356145 0.375450 0.394744 0.414026 0.433316 0.452617 0.471930 0.491256 0.510596 0.529953 0.549320 0.568672 0.588005 0.607323 0.626630 0.645929 0.665221 0.684511 0.703813 0.723129 0.742457 0.761793 0.781131 0.800464 0.819786 0.839089 0.858364 0.877606 0.896807 0.915963 0.935072 0.954144 0.973246 0.992382 1.011554 1.030760 1.050000
0.010000 0.029418 0.048694 0.067835 0.086852 0.105754 0.124556 0.143354 0.162258 0.181272 0.200394 0.219613 0.238911 0.258271 0.277674 0.297101 0.316536 0.335968 0.355385 0.374779 0.394145 0.413490 0.432857 0.452250 0.471671 0.491124 0.510614 0.530147 0.549654 0.569112 0.588532 0.607921 0.627288 0.646638 0.665987 0.685357 0.704757 0.724181 0.743620 0.763061 0.782491 0.801896 0.821257 0.840559 0.859785 0.878921 0.897957 0.916888 0.935715 0.954558 0.973483 0.992491 1.011580 1.030750 1.050000
0.010000 0.029119 0.048085 0.066891 0.085530 0.103999 0.122305 0.140518 0.158989 0.177778 0.196861 0.216198 0.235739 0.255427 0.275206 0.295025 0.314842 0.334626 0.354354 0.374015 0.393601 0.413121 0.432673 0.452264 0.471909 0.491618 0.511405 0.531219 0.550926 0.570541 0.590085 0.609575 0.629025 0.648495 0.668004 0.687568 0.707176 0.726814 0.746464 0.766100 0.785695 0.805217 0.824630 0.843899 0.862989 0.881867 0.900511 0.918913 0.937316 0.955822 0.974441 0.993165 1.011996 1.030937 1.050000
0.010000 0.025758 0.042252 0.059366 0.076932 0.094772 0.112733 0.130692 0.148945 0.168124 0.188060 0.208588 0.229553 0.250770 0.272066 0.293296 0.314352 0.335172 0.355733 0.376042 0.396123 0.416008 0.435809 0.455650 0.475560 0.495568 0.515699 0.535736 0.555562 0.575227 0.594775 0.614276 0.633807 0.653424 0.673136 0.692942 0.712837 0.732814 0.752854 0.772931 0.793002 0.813005 0.832859 0.852464 0.871715 0.890496 0.908792 0.926861 0.944887 0.962784 0.980508 0.998054 1.015455 1.032759 1.050000
0.010000 0.016754 0.024833 0.034907 0.047483 0.062758 0.080593 0.100593 0.122343 0.146422 0.171733 0.197126 0.223114 0.249018 0.274398 0.298977 0.322625 0.345335 0.367199 0.388354 0.408951 0.429129 0.449009 0.468783 0.488650 0.508667 0.528861 0.548836 0.568475 0.587869 0.607168 0.626501 0.645948 0.665534 0.685294 0.705275 0.725535 0.746142 0.767158 0.788618 0.810502 0.832694 0.854958 0.876924 0.898509 0.919193 0.938544 0.956654 0.973272 0.988347 1.002002 1.014498 1.026234 1.037768 1.050000
0.060177 0.061993 0.064321 0.067516 0.072067 0.078657 0.088211 0.101809 0.120253 0.143434 0.170075 0.198293 0.228155 0.258003 0.287657 0.316109 0.342862 0.367820 0.391152 0.413159 0.434167 0.454462 0.474270 0.493744 0.513145 0.532752 0.552604 0.572248 0.591456 0.610370 0.629273 0.648257 0.667364 0.686659 0.706232 0.726210 0.746756 0.768057 0.790294 0.813580 0.837862 0.862805 0.887877 0.912261 0.935237 0.955877 0.973543 0.988102 0.999808 1.009145 1.016664 1.022885 1.028272 1.033235 1.038143
0.117413 0.119090 0.121091 0.123614 0.126919 0.131352 0.137387 0.145657 0.156977 0.172308 0.192555 0.218023 0.247777 0.279420 0.311611 0.342842 0.372101 0.398995 0.423669 0.446515 0.467977 0.488451 0.508244 0.527583 0.546610 0.565655 0.584941 0.604120 0.622826 0.641272 0.659744 0.678299 0.697012 0.716001 0.735428 0.755516 0.776544 0.798821 0.822622 0.848049 0.874815 0.902173 0.929008 0.953915 0.975545 0.993368 1.007605 1.018841 1.027721 1.034815 1.040597 1.045466 1.049774 1.053862 1.058091
0.168587 0.170430 0.172598 0.175281 0.178709 0.183175 0.189059 0.196851 0.207180 0.220811 0.238557 0.261019 0.288097 0.318605 0.350423 0.381711 0.411354 0.438740 0.463874 0.487092 0.508821 0.529453 0.549301 0.568597 0.587504 0.606185 0.624959 0.643728 0.662062 0.680207 0.698381 0.716667 0.735178 0.754078 0.773584 0.793981 0.815603 0.838792 0.863789 0.890528 0.918405 0.946379 0.972860 0.996329 1.016109 1.032293 1.045354 1.055844 1.064277 1.071103 1.076719 1.081479 1.085716 1.089769 1.094011
0.229660 0.231744 0.234188 0.237187 0.240972 0.245822 0.252068 0.260115 0.270440 0.283589 0.300126 0.320491 0.344745 0.372277 0.401719 0.431297 0.459771 0.486518 0.511358 0.534476 0.556192 0.576833 0.596675 0.615929 0.634752 0.653252 0.671660 0.690109 0.708251 0.726239 0.744265 0.762424 0.780845 0.799698 0.819210 0.839662 0.861382 0.884690 0.909776 0.936485 0.964175 0.991660 1.017349 1.040093 1.059471 1.075592 1.088818 1.099587 1.108337 1.115478 1.121390 1.126429 1.130937 1.135269 1.139829
0.290028 0.292147 0.294628 0.297667 0.301493 0.306372 0.312618 0.320593 0.330709 0.343415 0.359161 0.378303 0.400937 0.426672 0.454493 0.482949 0.510659 0.536895 0.561390 0.584238 0.605717 0.626137 0.645770 0.664828 0.683467 0.701800 0.719946 0.738104 0.756109 0.773990 0.791917 0.809982 0.828305 0.847044 0.866410 0.886673 0.908150 0.931163 0.955908 0.982248 1.009574 1.036612 1.061887 1.084338 1.103539 1.119551 1.132695 1.143394 1.152079 1.159163 1.165024 1.170017 1.174480 1.178760 1.183249
0.341218 0.343293 0.345720 0.348691 0.352428 0.357195 0.363298 0.371095 0.380990 0.393427 0.408851 0.427622 0.449859 0.475219 0.502748 0.531016 0.558607 0.584646 0.608869 0.631393 0.652529 0.672619 0.691957 0.710765 0.729203 0.747378 0.765370 0.783315 0.801215 0.819030 0.836897 0.854905 0.873164 0.891822 0.911084 0.931219 0.952552 0.975415 1.000016 1.026225 1.053377 1.080163 1.105136 1.127266 1.146149 1.161865 1.174749 1.185228 1.193734 1.200672 1.206415 1.211308 1.215682 1.219877 1.224269
0.384429 0.386510 0.388942 0.391919 0.395668 0.400456 0.406598 0.414460 0.424459 0.437047 0.452671 0.471680 0.494168 0.519751 0.547425 0.575727 0.603236 0.629060 0.652979 0.675165 0.695971 0.715763 0.734846 0.753447 0.771720 0.789770 0.807670 0.825496 0.843321 0.861114 0.878955 0.896935 0.915161 0.933779 0.952995 0.973085 0.994381 1.017222 1.041814 1.068013 1.095084 1.121701 1.146434 1.168297 1.186925 1.202421 1.215127 1.225468 1.233867 1.240724 1.246404 1.251247 1.255580 1.259736 1.264090
0.429111 0.431176 0.433589 0.436541 0.440255 0.444995 0.451070 0.458839 0.468713 0.481142 0.496574 0.515366 0.537625 0.562980 0.590432 0.618510 0.645788 0.671377 0.695045 0.716983 0.737551 0.757121 0.776003 0.794425 0.812543 0.830462 0.848252 0.865965 0.883668 0.901383 0.919143 0.937039 0.955173 0.973693 0.992809 1.012800 1.034009 1.056782 1.081325 1.107477 1.134463 1.160942 1.185493 1.207156 1.225596 1.240929 1.253501 1.263734 1.272048 1.278837 1.284463 1.289261 1.293555 1.297675 1.301992
0.471034 0.473084 0.475479 0.478407 0.482090 0.486789 0.492807 0.500503 0.510283 0.522595 0.537888 0.556526 0.578626 0.603824 0.631121 0.659038 0.686141 0.711542 0.735005 0.756726 0.777074 0.796428 0.815101 0.833325 0.851261 0.869012 0.886648 0.904218 0.921766 0.939341 0.956974 0.974736 0.992733 1.011114 1.030090 1.049949 1.071040 1.093713 1.118177 1.144253 1.171140 1.197477 1.221847 1.243312 1.261561 1.276726 1.289158 1.299277 1.307501 1.314218 1.319785 1.324534 1.328784 1.332863 1.337136
0.510078 0.512122 0.514509 0.517427 0.521098 0.525779 0.531777 0.539447 0.549199 0.561477 0.576731 0.595319 0.617351 0.642453 0.669616 0.697360 0.724257 0.749432 0.772657 0.794138 0.814250 0.833374 0.851827 0.869842 0.887579 0.905143 0.922600 0.939999 0.957377 0.974776 0.992245 1.009845 1.027676 1.045890 1.064703 1.084404 1.105347 1.127887 1.152230 1.178186 1.204932 1.231096 1.255268 1.276531 1.294594 1.309599 1.321899 1.331913 1.340052 1.346703 1.352216 1.356920 1.361130 1.365169 1.369400
0.547939 0.549976 0.552354 0.555261 0.558915 0.563575 0.569542 0.577169 0.586857 0.599044 0.614168 0.632581 0.654386 0.679220 0.706093 0.733546 0.760167 0.785083 0.808063 0.829306 0.849184 0.868081 0.886310 0.904106 0.921629 0.938982 0.956235 0.973433 0.990613 1.007812 1.025080 1.042482 1.060115 1.078129 1.096740 1.116240 1.136986 1.159333 1.183488 1.209254 1.235799 1.261749 1.285704 1.306766 1.324654 1.339515 1.351700 1.361622 1.369690 1.376282 1.381748 1.386412 1.390587 1.394592 1.398786
0.584256 0.586269 0.588619 0.591489 0.595094 0.599685 0.605557 0.613054 0.622568 0.634530 0.649374 0.667458 0.688905 0.713381 0.739928 0.767101 0.793481 0.818177 0.840942 0.861968 0.881626 0.900298 0.918301 0.935871 0.953170 0.970302 0.987336 1.004318 1.021285 1.038273 1.055328 1.072515 1.089935 1.107734 1.126127 1.145406 1.165926 1.188044 1.211963 1.237483 1.263768 1.289447 1.313134 1.333949 1.351623 1.366307 1.378351 1.388162 1.396144 1.402668 1.408079 1.412697 1.416829 1.420790 1.424934
0.615624 0.617629 0.619969 0.622825 0.626412 0.630981 0.636824 0.644284 0.653751 0.665653 0.680421 0.698410 0.719746 0.744101 0.770522 0.797563 0.823791 0.848312 0.870884 0.891704 0.911150 0.929610 0.947404 0.964770 0.981867 0.998802 1.015642 1.032433 1.049211 1.066012 1.082881 1.099882 1.117113 1.134720 1.152919 1.171998 1.192312 1.214217 1.237919 1.263220 1.289293 1.314776 1.338294 1.358971 1.376540 1.391145 1.403130 1.412897 1.420844 1.427342 1.432731 1.437330 1.441446 1.445393 1.449522
0.644713 0.646703 0.649024 0.651856 0.655410 0.659934 0.665716 0.673095 0.682458 0.694232 0.708853 0.726686 0.747869 0.772085 0.798380 0.825291 0.851371 0.875720 0.898103 0.918729 0.937983 0.956253 0.973862 0.991047 1.007967 1.024728 1.041397 1.058019 1.074630 1.091264 1.107967 1.124801 1.141863 1.159299 1.177321 1.196218 1.216344 1.238056 1.261566 1.286681 1.312582 1.337910 1.361290 1.381846 1.399308 1.413823 1.425732 1.435438 1.443334 1.449792 1.455148 1.459719 1.463810 1.467731 1.471832
0.670308 0.672296 0.674613 0.677439 0.680987 0.685502 0.691275 0.698643 0.707995 0.719759 0.734368 0.752187 0.773349 0.797527 0.823753 0.850550 0.876472 0.900633 0.922816 0.943243 0.962305 0.980394 0.997830 1.014848 1.031607 1.048210 1.064723 1.081192 1.097650 1.114133 1.130683 1.147365 1.164272 1.181551 1.199412 1.218142 1.238095 1.259632 1.282968 1.307920 1.333676 1.358883 1.382166 1.402644 1.420044 1.434511 1.446382 1.456056 1.463928 1.470365 1.475704 1.480261 1.484339 1.488250 1.492342
0.694599 0.696581 0.698891 0.701708 0.705242 0.709738 0.715486 0.722820 0.732125 0.743826 0.758355 0.776071 0.797107 0.821134 0.847181 0.873774 0.899473 0.923407 0.945371 0.965591 0.984458 1.002365 1.019627 1.036478 1.053073 1.069516 1.085871 1.102182 1.118484 1.134810 1.151204 1.167728 1.184475 1.201591 1.219282 1.237836 1.257605 1.278947 1.302082 1.326833 1.352395 1.377420 1.400534 1.420858 1.438124 1.452474 1.464250 1.473848 1.481659 1.488048 1.493348 1.497871 1.501919 1.505799 1.509854
0.717211 0.719184 0.721482 0.724284 0.727799 0.732268 0.737977 0.745259 0.754493 0.766099 0.780506 0.798073 0.818933 0.842759 0.868585 0.894944 0.920404 0.944105 0.965848 0.985863 1.004539 1.022263 1.039352 1.056033 1.072463 1.088742 1.104934 1.121084 1.137225 1.153390 1.169621 1.185980 1.202560 1.219501 1.237009 1.255368 1.274928 1.296050 1.318955 1.343481 1.368841 1.393700 1.416688 1.436923 1.454127 1.468435 1.480180 1.489756 1.497549 1.503923 1.509212 1.513725 1.517764 1.521636 1.525686
0.737065 0.739032 0.741324 0.744118 0.747621 0.752076 0.757765 0.765021 0.774221 0.785785 0.800137 0.817633 0.838398 0.862096 0.887754 0.913900 0.939121 0.962574 0.984078 1.003869 1.022337 1.039869 1.056775 1.073283 1.089544 1.105658 1.121689 1.137677 1.153658 1.169663 1.185734 1.201930 1.218344 1.235114 1.252442 1.270608 1.289959 1.310853 1.333516 1.357795 1.382921 1.407577 1.430398 1.450499 1.467596 1.481819 1.493498 1.503020 1.510772 1.517114 1.522375 1.526866 1.530884 1.534735 1.538760
0.754759 0.756724 0.759011 0.761800 0.765296 0.769741 0.775419 0.782659 0.791840 0.803380 0.817699 0.835146 0.855832 0.879407 0.904880 0.930788 0.955739 0.978920 1.000166 1.019722 1.037978 1.055316 1.072041 1.088376 1.104471 1.120423 1.136293 1.152123 1.167946 1.183793 1.199704 1.215740 1.231988 1.248584 1.265728 1.283694 1.302823 1.323470 1.345867 1.369877 1.394755 1.419203 1.441863 1.461840 1.478842 1.492991 1.504612 1.514090 1.521808 1.528122 1.533362 1.537834 1.541836 1.545670 1.549675
0.770895 0.772857 0.775142 0.777927 0.781418 0.785856 0.791524 0.798748 0.807904 0.819401 0.833653 0.850995 0.871529 0.894894 0.920104 0.945713 0.970359 0.993252 1.014239 1.033564 1.051613 1.068760 1.085306 1.101469 1.117396 1.133182 1.148889 1.164556 1.180215 1.195898 1.211643 1.227508 1.243579 1.259987 1.276927 1.294667 1.313543 1.333913 1.356016 1.379745 1.404390 1.428681 1.451256 1.471198 1.488191 1.502340 1.513963 1.523442 1.531160 1.537473 1.542712 1.547183 1.551184 1.555020 1.559030
0.785606 0.787553 0.789820 0.792582 0.796041 0.800435 0.806041 0.813182 0.822225 0.833578 0.847654 0.864790 0.885087 0.908183 0.933092 0.958376 0.982695 1.005281 1.025993 1.045072 1.062899 1.079842 1.096196 1.112175 1.127922 1.143532 1.159063 1.174555 1.190040 1.205548 1.221116 1.236800 1.252682 1.268891 1.285615 1.303115 1.321722 1.341791 1.363572 1.386978 1.411341 1.435419 1.457853 1.477708 1.494642 1.508748 1.520338 1.529789 1.537484 1.543778 1.549000 1.553458 1.557447 1.561270 1.565267
0.795504 0.797462 0.799741 0.802518 0.805999 0.810424 0.816075 0.823279 0.832408 0.843868 0.858062 0.875303 0.895655 0.918709 0.943450 0.968457 0.992436 1.014673 1.035057 1.053843 1.071412 1.088124 1.104268 1.120052 1.135614 1.151044 1.166399 1.181718 1.197030 1.212366 1.227760 1.243268 1.258969 1.274986 1.291503 1.308772 1.327115 1.346879 1.368314 1.391354 1.415366 1.439155 1.461378 1.481092 1.497937 1.511989 1.523544 1.532973 1.540652 1.546935 1.552149 1.556599 1.560581 1.564397 1.568386
0.805674 0.807622 0.809890 0.812653 0.816115 0.820513 0.826124 0.833272 0.842321 0.853669 0.867710 0.884745 0.904826 0.927537 0.951873 0.976442 0.999995 1.021849 1.041902 1.060404 1.077723 1.094211 1.110147 1.125731 1.141101 1.156342 1.171510 1.186643 1.201769 1.216917 1.232123 1.247437 1.262936 1.278740 1.295022 1.312027 1.330066 1.349476 1.370511 1.393123 1.416727 1.440172 1.462136 1.481665 1.498376 1.512329 1.523809 1.533181 1.540817 1.547066 1.552252 1.556679 1.560638 1.564430 1.568386
0.813189 0.815126 0.817382 0.820129 0.823568 0.827935 0.833503 0.840587 0.849546 0.860770 0.874644 0.891457 0.911254 0.933613 0.957542 0.981685 1.004836 1.026338 1.046093 1.064342 1.081441 1.097728 1.113477 1.128882 1.144075 1.159142 1.174137 1.189097 1.204050 1.219023 1.234051 1.249181 1.264488 1.280082 1.296131 1.312868 1.330594 1.349643 1.370276 1.392480 1.415729 1.438930 1.460778 1.480290 1.497041 1.511054 1.522596 1.532021 1.539699 1.545981 1.551193 1.555642 1.559622 1.563437 1.567426
0.815051 0.816997 0.819263 0.822023 0.825481 0.829874 0.835479 0.842616 0.851646 0.862956 0.876918 0.893797 0.913597 0.935855 0.959563 0.983394 1.006197 1.027363 1.046819 1.064811 1.081687 1.097780 1.113353 1.128594 1.143632 1.158547 1.173394 1.188206 1.203011 1.217837 1.232716 1.247695 1.262842 1.278265 1.294123 1.310641 1.328108 1.346847 1.367121 1.388943 1.411832 1.434745 1.456395 1.475778 1.492441 1.506388 1.517877 1.527260 1.534906 1.541162 1.546355 1.550786 1.554750 1.558546 1.562509
0.815114 0.817055 0.819314 0.822066 0.825513 0.829890 0.835473 0.842578 0.851562 0.862806 0.876674 0.893416 0.913016 0.934996 0.958356 0.981806 1.004245 1.025097 1.044293 1.062073 1.078773 1.094710 1.110140 1.125246 1.140151 1.154936 1.169650 1.184329 1.199000 1.213692 1.228435 1.243270 1.258264 1.273519 1.289187 1.305481 1.322677 1.341094 1.360998 1.382435 1.404987 1.427672 1.449225 1.468610 1.485326 1.499342 1.510898 1.520338 1.528028 1.534319 1.539539 1.543994 1.547979 1.551799 1.555792
0.811219 0.813160 0.815420 0.818175 0.821625 0.826006 0.831591 0.838693 0.847662 0.858869 0.872659 0.889259 0.908629 0.930284 0.953244 0.976277 0.998339 1.018881 1.037838 1.055433 1.071984 1.087796 1.103113 1.118110 1.132907 1.147581 1.162183 1.176747 1.191303 1.205881 1.220502 1.235208 1.250066 1.265172 1.280666 1.296751 1.313690 1.331788 1.351316 1.372347 1.394525 1.416940 1.438354 1.457705 1.474442 1.488498 1.500092 1.509563 1.517278 1.523588 1.528823 1.533290 1.537286 1.541115 1.545117
0.801910 0.803854 0.806119 0.808879 0.812335 0.816723 0.822315 0.829422 0.838390 0.849583 0.863333 0.879847 0.899057 0.920459 0.943084 0.965748 0.987467 1.007727 1.026476 1.043925 1.060374 1.076109 1.091362 1.106298 1.121033 1.135640 1.150168 1.164652 1.179135 1.193631 1.208158 1.222769 1.237527 1.252521 1.267883 1.283802 1.300526 1.318345 1.337524 1.358160 1.379959 1.402090 1.423364 1.442703 1.459503 1.473650 1.485334 1.494885 1.502664 1.509027 1.514303 1.518804 1.522830 1.526689 1.530724
0.784654 0.786622 0.788915 0.791711 0.795218 0.799675 0.805362 0.812597 0.821733 0.833130 0.847105 0.863828 0.883181 0.904608 0.927127 0.949588 0.971072 0.991119 1.009713 1.027063 1.043456 1.059162 1.074398 1.089321 1.104037 1.118616 1.133105 1.147554 1.162007 1.176444 1.190913 1.205466 1.220165 1.235095 1.250383 1.266204 1.282790 1.300411 1.319318 1.339614 1.361059 1.382898 1.404004 1.423299 1.440137 1.454353 1.466111 1.475726 1.483558 1.489962 1.495271 1.499799 1.503847 1.507723 1.511773
0.764399 0.766370 0.768668 0.771471 0.774985 0.779450 0.785142 0.792378 0.801505 0.812878 0.826807 0.843455 0.862693 0.883961 0.906287 0.928552 0.949864 0.969807 0.988368 1.005734 1.022171 1.037932 1.053219 1.068179 1.082913 1.097492 1.111963 1.126412 1.140840 1.155220 1.169633 1.184131 1.198776 1.213654 1.228886 1.244639 1.261128 1.278602 1.297292 1.317293 1.338415 1.359978 1.380932 1.400226 1.417174 1.431554 1.443481 1.453247 1.461204 1.467707 1.473095 1.477686 1.481789 1.485718 1.489823
0.737037 0.739026 0.741347 0.744180 0.747730 0.752241 0.757990 0.765293 0.774499 0.785963 0.799994 0.816751 0.836095 0.857450 0.879829 0.902114 0.923434 0.943447 0.962123 0.979633 0.996225 1.012133 1.027548 1.042610 1.057418 1.072044 1.086562 1.101096 1.115543 1.129919 1.144328 1.158823 1.173476 1.188380 1.203662 1.219487 1.236061 1.253610 1.272327 1.292256 1.313201 1.334512 1.355204 1.374299 1.391141 1.405495 1.417449 1.427266 1.435283 1.441844 1.447283 1.451918 1.456059 1.460021 1.464155
0.700600 0.702535 0.704799 0.707574 0.711071 0.715542 0.721285 0.728645 0.738010 0.749778 0.764301 0.781750 0.801946 0.824204 0.847402 0.870311 0.892174 0.912680 0.931799 0.949706 0.966649 0.982866 0.998550 1.013848 1.028867 1.043682 1.058442 1.073237 1.087853 1.102384 1.116950 1.131615 1.146461 1.161597 1.177170 1.193361 1.210385 1.228454 1.247711 1.268110 1.289333 1.310727 1.331303 1.350160 1.366735 1.380843 1.392584 1.402215 1.410061 1.416461 1.421744 1.426225 1.430203 1.433982 1.437888
0.657753 0.659746 0.662085 0.664954 0.668571 0.673195 0.679141 0.686783 0.696558 0.708937 0.724336 0.742944 0.764494 0.788122 0.812466 0.836377 0.859165 0.880468 0.900290 0.918837 0.936374 0.953154 0.969380 0.985210 1.000759 1.016141 1.031573 1.047005 1.062176 1.077244 1.092358 1.107585 1.123015 1.138774 1.155027 1.171983 1.189878 1.208937 1.229277 1.250774 1.272935 1.295015 1.316008 1.335001 1.351542 1.365584 1.377319 1.387029 1.395025 1.401614 1.407097 1.411769 1.415920 1.419845 1.423854
0.587656 0.589467 0.591631 0.594361 0.597942 0.602755 0.609316 0.618311 0.630565 0.646889 0.667703 0.692590 0.720122 0.748117 0.775647 0.801803 0.826089 0.848432 0.869077 0.888381 0.906695 0.924304 0.941427 0.958218 0.974778 0.991342 1.008060 1.024693 1.040998 1.057140 1.073335 1.089649 1.106168 1.123017 1.140359 1.158407 1.177413 1.197632 1.219252 1.242256 1.266266 1.290543 1.314179 1.336131 1.355399 1.371572 1.384763 1.395373 1.403888 1.410764 1.416410 1.421179 1.425397 1.429374 1.433418
0.530020 0.531563 0.533579 0.536397 0.540469 0.546423 0.555138 0.567752 0.585293 0.607883 0.634160 0.661919 0.690909 0.719397 0.747157 0.773354 0.797722 0.820352 0.841517 0.861547 0.880744 0.899354 0.917558 0.935476 0.953325 0.971333 0.989530 1.007541 1.025185 1.042584 1.059987 1.077497 1.095182 1.113135 1.131486 1.150403 1.170088 1.190760 1.212601 1.235685 1.259866 1.284694 1.309587 1.333816 1.356929 1.378064 1.396427 1.411645 1.423786 1.433306 1.440830 1.446975 1.452286 1.457241 1.462223
0.457000 0.464548 0.473539 0.484768 0.498745 0.515469 0.534467 0.555129 0.577074 0.601160 0.626346 0.651519 0.677307 0.702945 0.727937 0.752002 0.775029 0.797055 0.818210 0.838656 0.858553 0.878036 0.897220 0.916288 0.935430 0.954702 0.974136 0.993363 1.012273 1.030949 1.049538 1.068174 1.086958 1.105941 1.125186 1.144778 1.164814 1.185400 1.206621 1.228510 1.251010 1.273926 1.296916 1.319489 1.341581 1.362644 1.382230 1.400522 1.417252 1.432396 1.446147 1.458871 1.471137 1.483923 1.500000
0.457000 0.472934 0.489628 0.506956 0.524724 0.542723 0.560784 0.578789 0.597075 0.616345 0.636427 0.657138 0.678302 0.699710 0.721162 0.742495 0.763597 0.784409 0.804919 0.825145 0.845118 0.864877 0.884538 0.904225 0.923971 0.943805 0.963758 0.983618 1.003270 1.022766 1.042152 1.061501 1.080896 1.100406 1.120051 1.139842 1.159786 1.179882 1.200116 1.220454 1.240837 1.261178 1.281367 1.301272 1.320763 1.339702 1.358075 1.376180 1.394220 1.412117 1.429844 1.447427 1.464935 1.482454 1.500000
0.457000 0.476192 0.495235 0.514118 0.532829 0.551364 0.569731 0.588002 0.606535 0.625391 0.644547 0.663962 0.683584 0.703351 0.723206 0.743094 0.762973 0.782810 0.802584 0.822283 0.841902 0.861451 0.881027 0.900640 0.920302 0.940027 0.959828 0.979656 0.999376 1.019005 1.038565 1.058075 1.077547 1.097044 1.116587 1.136195 1.155858 1.175563 1.195289 1.215014 1.234705 1.254326 1.273839 1.293203 1.312379 1.331334 1.350043 1.368500 1.386954 1.405509 1.424177 1.442956 1.461848 1.480861 1.500000
0.457000 0.476475 0.495810 0.515010 0.534085 0.553047 0.571908 0.590766 0.609728 0.628802 0.647983 0.667259 0.686616 0.706033 0.725493 0.744975 0.764466 0.783952 0.803422 0.822869 0.842287 0.861683 0.881102 0.900546 0.920017 0.939519 0.959059 0.978640 0.998196 1.017704 1.037173 1.056613 1.076031 1.095432 1.114833 1.134256 1.153710 1.173190 1.192685 1.212184 1.231674 1.251138 1.270559 1.289921 1.309207 1.328403 1.347497 1.366487 1.385372 1.404272 1.423254 1.442319 1.461465 1.480692 1.500000
0.457000 0.476398 0.495737 0.515020 0.534249 0.553431 0.572573 0.591714 0.610891 0.630108 0.649362 0.668651 0.687969 0.707311 0.726670 0.746039 0.765412 0.784785 0.804153 0.823513 0.842862 0.862199 0.881543 0.900899 0.920266 0.939647 0.959041 0.978452 0.997874 1.017280 1.036667 1.056040 1.075401 1.094755 1.114103 1.133448 1.152804 1.172175 1.191559 1.210950 1.230343 1.249732 1.269109 1.288468 1.307799 1.327097 1.346355 1.365567 1.384734 1.403863 1.423021 1.442214 1.461442 1.480704 1.500000
0.457000 0.476347 0.495674 0.514981 0.534270 0.553542 0.572800 0.592054 0.611319 0.630597 0.649888 0.669190 0.688503 0.707824 0.727152 0.746483 0.765817 0.785151 0.804484 0.823814 0.843141 0.862463 0.881784 0.901109 0.920438 0.939772 0.959111 0.978455 0.997805 1.017156 1.036501 1.055840 1.075174 1.094504 1.113832 1.133158 1.152483 1.171814 1.191150 1.210492 1.229836 1.249181 1.268524 1.287863 1.307193 1.326512 1.345816 1.365104 1.384373 1.403623 1.422875 1.442139 1.461414 1.480701 1.500000
0.457000 0.476326 0.495645 0.514959 0.534268 0.553571 0.572869 0.592165 0.611463 0.630765 0.650071 0.669380 0.688693 0.708009 0.727327 0.746646 0.765966 0.785287 0.804608 0.823927 0.843246 0.862564 0.881880 0.901197 0.920515 0.939834 0.959155 0.978478 0.997802 1.017129 1.036455 1.055779 1.075101 1.094422 1.113741 1.133060 1.152379 1.171698 1.191018 1.210341 1.229665 1.248990 1.268315 1.287639 1.306961 1.326280 1.345594 1.364903 1.384205 1.403500 1.422793 1.442090 1.461390 1.480693 1.500000
0.457000 0.476318 0.495635 0.514950 0.534263 0.553575 0.572886 0.592195 0.611505 0.630816 0.650128 0.669441 0.688754 0.708069 0.727384 0.746700 0.766016 0.785333 0.804649 0.823965 0.843281 0.862597 0.881913 0.901228 0.920543 0.939859 0.959175 0.978492 0.997809 1.017127 1.036445 1.055763 1.075080 1.094397 1.113714 1.133030 1.152346 1.171662 1.190978 1.210295 1.229612 1.248930 1.268248 1.287566 1.306883 1.326200 1.345515 1.364829 1.384140 1.403450 1.422758 1.442067 1.461377 1.480688 1.500000
0.457000 0.476316 0.495631 0.514946 0.534261 0.553575 0.572889 0.592202 0.611516 0.630830 0.650144 0.669458 0.688772 0.708087 0.727402 0.746717 0.766032 0.785347 0.804662 0.823977 0.843292 0.862607 0.881922 0.901237 0.920552 0.939867 0.959182 0.978497 0.997813 1.017128 1.036444 1.055760 1.075075 1.094391 1.113706 1.133021 1.152337 1.171652 1.190967 1.210282 1.229597 1.248913 1.268229 1.287544 1.306860 1.326175 1.345490 1.364805 1.384119 1.403432 1.422745 1.442059 1.461372 1.480686 1.500000
0.457000 0.476315 0.495630 0.514944 0.534259 0.553574 0.572889 0.592204 0.611519 0.630833 0.650148 0.669463 0.688778 0.708093 0.727407 0.746722 0.766037 0.785352 0.804667 0.823981 0.843296 0.862611 0.881926 0.901241 0.920556 0.939870 0.959185 0.978500 0.997815 1.017130 1.036444 1.055759 1.075074 1.094389 1.113704 1.133019 1.152333 1.171648 1.190963 1.210278 1.229593 1.248907 1.268222 1.287537 1.306852 1.326167 1.345481 1.364796 1.384111 1.403426 1.422741 1.442056 1.461370 1.480685 1.500000
