0.010000 0.029259 0.048519 0.067778 0.087037 0.106296 0.125556 0.144815 0.164074 0.183333 0.202593 0.221852 0.241111 0.260370 0.279630 0.298889 0.318148 0.337407 0.356667 0.375926 0.395185 0.414444 0.433704 0.452963 0.472222 0.491481 0.510741 0.530000 0.549259 0.568519 0.587778 0.607037 0.626296 0.645556 0.664815 0.684074 0.703333 0.722593 0.741852 0.761111 0.780370 0.799630 0.818889 0.838148 0.857407 0.876667 0.895926 0.915185 0.934444 0.953704 0.972963 0.992222 1.011481 1.030741 1.050000
0.010000 0.029353 0.048705 0.068055 0.087402 0.106746 0.126087 0.145423 0.164754 0.184080 0.203399 0.222713 0.242020 0.261320 0.280613 0.299899 0.319178 0.338450 0.357714 0.376972 0.396223 0.415468 0.434707 0.453940 0.473168 0.492392 0.511612 0.530828 0.550041 0.569253 0.588462 0.607671 0.626879 0.646088 0.665297 0.684507 0.703719 0.722934 0.742150 0.761370 0.780592 0.799818 0.819047 0.838280 0.857515 0.876754 0.895996 0.915241 0.934488 0.953737 0.972988 0.992240 1.011493 1.030747 1.050000
0.010000 0.029470 0.048937 0.068399 0.087856 0.107305 0.126746 0.146178 0.165599 0.185008 0.204405 0.223788 0.243157 0.262512 0.281852 0.301176 0.320485 0.339778 0.359056 0.378319 0.397567 0.416802 0.436023 0.455232 0.474430 0.493617 0.512796 0.531967 0.551131 0.570290 0.589444 0.608597 0.627747 0.646898 0.666050 0.685203 0.704360 0.723520 0.742686 0.761856 0.781032 0.800214 0.819402 0.838597 0.857797 0.877003 0.896214 0.915429 0.934649 0.953871 0.973096 0.992322 1.011549 1.030775 1.050000
0.010000 0.029625 0.049243 0.068853 0.088452 0.108040 0.127615 0.147174 0.166717 0.186243 0.205748 0.225233 0.244695 0.264134 0.283549 0.302939 0.322303 0.341642 0.360955 0.380243 0.399506 0.418746 0.437963 0.457158 0.476334 0.495491 0.514632 0.533759 0.552874 0.571978 0.591075 0.610166 0.629253 0.648338 0.667424 0.686511 0.705602 0.724697 0.743798 0.762905 0.782019 0.801140 0.820269 0.839403 0.858544 0.877689 0.896838 0.915989 0.935141 0.954293 0.973443 0.992590 1.011732 1.030869 1.050000
0.010000 0.029795 0.049578 0.069347 0.089104 0.108849 0.128580 0.148295 0.167994 0.187674 0.207332 0.226965 0.246572 0.266150 0.285697 0.305209 0.324687 0.344127 0.363531 0.382897 0.402226 0.421518 0.440774 0.459997 0.479188 0.498350 0.517484 0.536596 0.555686 0.574759 0.593818 0.612865 0.631905 0.650940 0.669972 0.689004 0.708038 0.727074 0.746114 0.765158 0.784205 0.803254 0.822303 0.841351 0.860394 0.879429 0.898454 0.917466 0.936460 0.955436 0.974392 0.993325 1.012237 1.031128 1.050000
0.010000 0.029820 0.049629 0.069435 0.089247 0.109070 0.128906 0.148755 0.168614 0.188479 0.208345 0.228205 0.248053 0.267879 0.287679 0.307445 0.327172 0.346854 0.366489 0.386073 0.405605 0.425084 0.444511 0.463888 0.483216 0.502500 0.521742 0.540947 0.560119 0.579263 0.598384 0.617487 0.636575 0.655652 0.674722 0.693786 0.712845 0.731899 0.750945 0.769982 0.789003 0.808003 0.826974 0.845908 0.864797 0.883632 0.902405 0.921109 0.939738 0.958291 0.976767 0.995169 1.013502 1.031776 1.050000
0.010000 0.029176 0.048397 0.067701 0.087117 0.106664 0.126353 0.146182 0.166145 0.186226 0.206405 0.226661 0.246970 0.267308 0.287654 0.307989 0.328295 0.348558 0.368766 0.388910 0.408985 0.428986 0.448913 0.468766 0.488547 0.508261 0.527914 0.547510 0.567057 0.586563 0.606033 0.625475 0.644893 0.664290 0.683670 0.703030 0.722367 0.741674 0.760941 0.780153 0.799293 0.818340 0.837271 0.856062 0.874690 0.893132 0.911372 0.929395 0.947197 0.964779 0.982151 0.999330 1.016343 1.033220 1.050000
0.010000 0.026713 0.043690 0.061036 0.078837 0.097159 0.116034 0.135461 0.155409 0.175821 0.196624 0.217737 0.239081 0.260580 0.282172 0.303802 0.325426 0.347008 0.368521 0.389946 0.411268 0.432481 0.453580 0.474567 0.495446 0.516222 0.536906 0.557507 0.578036 0.598503 0.618919 0.639292 0.659627 0.679925 0.700182 0.720390 0.740530 0.760579 0.780501 0.800255 0.819792 0.839056 0.857990 0.876536 0.894642 0.912266 0.929378 0.945965 0.962033 0.977605 0.992722 1.007443 1.021841 1.035996 1.050000
0.010000 0.021019 0.032676 0.045227 0.058921 0.073977 0.090542 0.108670 0.128316 0.149342 0.171537 0.194645 0.218403 0.242570 0.266949 0.291390 0.315787 0.340069 0.364188 0.388116 0.411840 0.435356 0.458668 0.481786 0.504726 0.527504 0.550140 0.572655 0.595069 0.617401 0.639666 0.661875 0.684031 0.706127 0.728144 0.750048 0.771787 0.793292 0.814474 0.835230 0.855445 0.875002 0.893788 0.911701 0.928661 0.944617 0.959546 0.973463 0.986415 0.998482 1.009773 1.020420 1.030570 1.040379 1.050000
0.010000 0.012481 0.015728 0.020276 0.026767 0.035867 0.048099 0.063691 0.082565 0.104439 0.128901 0.155433 0.183449 0.212374 0.241706 0.271059 0.300174 0.328897 0.357158 0.384939 0.412257 0.439144 0.465644 0.491804 0.517671 0.543294 0.568715 0.593978 0.619118 0.644163 0.669131 0.694025 0.718830 0.743506 0.767989 0.792184 0.815966 0.839183 0.861666 0.883236 0.903716 0.922945 0.940787 0.957141 0.971941 0.985161 0.996818 1.006967 1.015710 1.023196 1.029620 1.035221 1.040274 1.045083 1.050000
0.060177 0.061491 0.063057 0.065051 0.067712 0.071372 0.076493 0.083699 0.093744 0.107369 0.125043 0.146743 0.171968 0.199956 0.229886 0.260993 0.292643 0.324362 0.355845 0.386921 0.417516 0.447622 0.477269 0.506505 0.535387 0.563971 0.592309 0.620442 0.648398 0.676182 0.703776 0.731133 0.758165 0.784749 0.810722 0.835886 0.860017 0.882885 0.904267 0.923968 0.941842 0.957803 0.971829 0.983967 0.994318 1.003029 1.010277 1.016253 1.021154 1.025172 1.028490 1.031285 1.033722 1.035960 1.038143
0.117413 0.118692 0.120175 0.121986 0.124278 0.127244 0.131136 0.136277 0.143078 0.152038 0.163711 0.178639 0.197213 0.219505 0.245171 0.273538 0.303814 0.335272 0.367341 0.399623 0.431865 0.463922 0.495726 0.527257 0.558520 0.589529 0.620296 0.650821 0.681081 0.711027 0.740571 0.769589 0.797918 0.825357 0.851683 0.876663 0.900077 0.921732 0.941490 0.959271 0.975063 0.988916 1.000928 1.011236 1.019999 1.027383 1.033559 1.038690 1.042935 1.046447 1.049375 1.051862 1.054050 1.056081 1.058091
0.168587 0.169991 0.171604 0.173550 0.175972 0.179038 0.182955 0.187969 0.194380 0.202535 0.212821 0.225630 0.241297 0.260025 0.281812 0.306434 0.333487 0.362473 0.392896 0.424316 0.456385 0.488841 0.521496 0.554221 0.586924 0.619532 0.651979 0.684189 0.716067 0.747490 0.778308 0.808337 0.837372 0.865194 0.891588 0.916360 0.939350 0.960447 0.979594 0.996786 1.012062 1.025503 1.037213 1.047319 1.055958 1.063276 1.069420 1.074540 1.078784 1.082299 1.085231 1.087725 1.089924 1.091972 1.094011
0.229660 0.231166 0.232886 0.234935 0.237444 0.240559 0.244445 0.249292 0.255318 0.262770 0.271919 0.283047 0.296421 0.312261 0.330698 0.351748 0.375299 0.401127 0.428932 0.458378 0.489130 0.520883 0.553367 0.586357 0.619660 0.653105 0.686535 0.719790 0.752703 0.785088 0.816747 0.847467 0.877034 0.905241 0.931900 0.956858 0.979999 1.001251 1.020583 1.038007 1.053565 1.067332 1.079401 1.089887 1.098913 1.106612 1.113121 1.118583 1.123141 1.126942 1.130132 1.132862 1.135286 1.137556 1.139829
0.290028 0.291540 0.293259 0.295298 0.297775 0.300818 0.304567 0.309177 0.314818 0.321678 0.329965 0.339899 0.351701 0.365584 0.381720 0.400229 0.421147 0.444424 0.469919 0.497420 0.526664 0.557363 0.589227 0.621979 0.655359 0.689123 0.723040 0.756881 0.790421 0.823428 0.855670 0.886918 0.916951 0.945568 0.972592 0.997879 1.021321 1.042851 1.062439 1.080094 1.095860 1.109809 1.122037 1.132659 1.141799 1.149594 1.156184 1.161713 1.166328 1.170177 1.173410 1.176179 1.178637 1.180942 1.183249
0.341218 0.342730 0.344449 0.346484 0.348952 0.351976 0.355685 0.360220 0.365731 0.372379 0.380340 0.389798 0.400945 0.413969 0.429043 0.446305 0.465844 0.487681 0.511762 0.537959 0.566081 0.595889 0.627115 0.659479 0.692697 0.726490 0.760581 0.794700 0.828580 0.861956 0.894571 0.926179 0.956548 0.985470 1.012765 1.038287 1.061926 1.083618 1.103334 1.121087 1.136925 1.150923 1.163182 1.173818 1.182962 1.190751 1.197329 1.202842 1.207440 1.211272 1.214489 1.217242 1.219687 1.221977 1.224269
0.384429 0.385980 0.387743 0.389834 0.392371 0.395484 0.399303 0.403967 0.409620 0.416410 0.424491 0.434022 0.445160 0.458064 0.472878 0.489730 0.508709 0.529862 0.553178 0.578583 0.605944 0.635073 0.665740 0.697685 0.730625 0.764271 0.798327 0.832497 0.866488 0.900013 0.932797 0.964577 0.995112 1.024186 1.051617 1.077259 1.101005 1.122793 1.142597 1.160433 1.176349 1.190420 1.202744 1.213438 1.222630 1.230459 1.237068 1.242604 1.247219 1.251062 1.254287 1.257047 1.259497 1.261793 1.264090
0.429111 0.430642 0.432382 0.434444 0.436944 0.440008 0.443764 0.448348 0.453900 0.460565 0.468493 0.477834 0.488740 0.501356 0.515819 0.532246 0.550730 0.571322 0.594029 0.618803 0.645540 0.674082 0.704225 0.735724 0.768306 0.801679 0.835540 0.869580 0.903493 0.936978 0.969746 1.001527 1.032073 1.061167 1.088626 1.114305 1.138099 1.159945 1.179819 1.197733 1.213729 1.227882 1.240284 1.251050 1.260305 1.268186 1.274837 1.280407 1.285047 1.288909 1.292148 1.294920 1.297380 1.299684 1.301992
0.471034 0.472563 0.474302 0.476362 0.478858 0.481915 0.485659 0.490223 0.495744 0.502362 0.510221 0.519465 0.530237 0.542676 0.556910 0.573054 0.591194 0.611386 0.633642 0.657928 0.684156 0.712188 0.741838 0.772877 0.805043 0.838050 0.871595 0.905366 0.939051 0.972344 1.004950 1.036596 1.067032 1.096041 1.123439 1.149082 1.172862 1.194714 1.214611 1.232558 1.248597 1.262794 1.275240 1.286045 1.295335 1.303245 1.309919 1.315506 1.320158 1.324029 1.327275 1.330052 1.332515 1.334824 1.337136
0.510078 0.511616 0.513364 0.515434 0.517945 0.521019 0.524785 0.529375 0.534922 0.541565 0.549441 0.558685 0.569433 0.581812 0.595941 0.611923 0.629839 0.649743 0.671648 0.695527 0.721307 0.748864 0.778029 0.808588 0.840293 0.872865 0.906006 0.939407 0.972756 1.005747 1.038085 1.069497 1.099733 1.128575 1.155840 1.181380 1.205086 1.226890 1.246759 1.264696 1.280736 1.294943 1.307404 1.318227 1.327533 1.335458 1.342145 1.347742 1.352402 1.356279 1.359529 1.362309 1.364775 1.367086 1.369400
0.547939 0.549475 0.551221 0.553289 0.555797 0.558866 0.562624 0.567202 0.572731 0.579345 0.587177 0.596360 0.607019 0.619276 0.633244 0.649017 0.666674 0.686264 0.707804 0.731274 0.756606 0.783688 0.812362 0.842427 0.873642 0.905738 0.938423 0.971393 1.004339 1.036958 1.068960 1.100071 1.130044 1.158661 1.185737 1.211122 1.234706 1.256414 1.276211 1.294096 1.310100 1.324285 1.336735 1.347553 1.356862 1.364792 1.371486 1.377091 1.381758 1.385642 1.388898 1.391682 1.394153 1.396468 1.398786
0.584256 0.585778 0.587507 0.589554 0.592034 0.595066 0.598775 0.603288 0.608735 0.615247 0.622956 0.631992 0.642481 0.654542 0.668286 0.683806 0.701178 0.720450 0.741639 0.764723 0.789639 0.816279 0.844491 0.874079 0.904810 0.936424 0.968634 1.001144 1.033653 1.065864 1.097490 1.128263 1.157937 1.186296 1.213151 1.238351 1.261779 1.283358 1.303045 1.320836 1.336758 1.350869 1.363251 1.374009 1.383263 1.391145 1.397798 1.403368 1.408007 1.411868 1.415105 1.417874 1.420330 1.422631 1.424934
0.615624 0.617158 0.618903 0.620969 0.623472 0.626535 0.630282 0.634841 0.640339 0.646904 0.654664 0.663739 0.674250 0.686306 0.700010 0.715451 0.732696 0.751793 0.772756 0.795564 0.820156 0.846429 0.874236 0.903388 0.933662 0.964805 0.996542 1.028586 1.060646 1.092434 1.123672 1.154096 1.183464 1.211561 1.238199 1.263223 1.286514 1.307989 1.327602 1.345343 1.361236 1.375333 1.387714 1.398479 1.407745 1.415642 1.422310 1.427895 1.432546 1.436418 1.439664 1.442441 1.444904 1.447212 1.449522
0.644713 0.646244 0.647985 0.650046 0.652544 0.655601 0.659342 0.663893 0.669385 0.675945 0.683699 0.692767 0.703266 0.715302 0.728972 0.744355 0.761514 0.780486 0.801280 0.823871 0.848195 0.874150 0.901591 0.930338 0.960174 0.990859 1.022128 1.053708 1.085320 1.116686 1.147537 1.177617 1.206688 1.234536 1.260973 1.285841 1.309016 1.330410 1.349972 1.367683 1.383562 1.397655 1.410037 1.420804 1.430073 1.437971 1.444639 1.450222 1.454872 1.458741 1.461984 1.464758 1.467219 1.469524 1.471832
0.670308 0.671850 0.673604 0.675683 0.678204 0.681290 0.685070 0.689671 0.695224 0.701855 0.709687 0.718837 0.729415 0.741518 0.755235 0.770636 0.787774 0.806679 0.827353 0.849766 0.873853 0.899512 0.926605 0.954958 0.984365 1.014596 1.045403 1.076523 1.107691 1.138642 1.169114 1.198860 1.227645 1.255257 1.281506 1.306232 1.329307 1.350637 1.370163 1.387864 1.403750 1.417864 1.430276 1.441078 1.450383 1.458316 1.465015 1.470626 1.475299 1.479187 1.482446 1.485233 1.487706 1.490022 1.492342
0.694599 0.696141 0.697894 0.699972 0.702493 0.705579 0.709359 0.713962 0.719516 0.726150 0.733985 0.743138 0.753712 0.765804 0.779495 0.794848 0.811908 0.830698 0.851213 0.873418 0.897246 0.922594 0.949328 0.977280 1.006254 1.036031 1.066375 1.097040 1.127770 1.158311 1.188413 1.217832 1.246338 1.273719 1.299782 1.324364 1.347329 1.368578 1.388045 1.405701 1.421552 1.435634 1.448017 1.458790 1.468066 1.475972 1.482646 1.488234 1.492887 1.496758 1.500004 1.502779 1.505240 1.507546 1.509854
0.717211 0.718749 0.720497 0.722569 0.725081 0.728156 0.731921 0.736505 0.742036 0.748640 0.756439 0.765547 0.776069 0.788097 0.801709 0.816964 0.833902 0.852537 0.872860 0.894830 0.918377 0.943398 0.969760 0.997302 1.025838 1.055159 1.085043 1.115254 1.145551 1.175690 1.205428 1.234527 1.262760 1.289914 1.315795 1.340236 1.363098 1.384273 1.403693 1.421322 1.437163 1.451250 1.463646 1.474439 1.483739 1.491670 1.498368 1.503978 1.508649 1.512536 1.515795 1.518581 1.521052 1.523368 1.525686
0.737065 0.738605 0.740357 0.742433 0.744951 0.748034 0.751808 0.756403 0.761945 0.768561 0.776369 0.785481 0.795997 0.808004 0.821574 0.836760 0.853594 0.872087 0.892222 0.913956 0.937215 0.961901 0.987884 1.015010 1.043102 1.071965 1.101388 1.131149 1.161018 1.190760 1.220140 1.248925 1.276891 1.303823 1.329527 1.353828 1.376583 1.397678 1.417038 1.434623 1.450428 1.464486 1.476857 1.487628 1.496908 1.504821 1.511504 1.517101 1.521762 1.525640 1.528891 1.531671 1.534137 1.536447 1.538760
0.754759 0.756303 0.758058 0.760138 0.762661 0.765750 0.769534 0.774139 0.779694 0.786321 0.794139 0.803254 0.813762 0.825744 0.839264 0.854370 0.871086 0.889417 0.909342 0.930816 0.953766 0.978095 1.003681 1.030377 1.058017 1.086418 1.115380 1.144693 1.174138 1.203490 1.232519 1.260998 1.288704 1.315423 1.340956 1.365128 1.387787 1.408815 1.428129 1.445683 1.461469 1.475511 1.487870 1.498630 1.507899 1.515800 1.522472 1.528059 1.532711 1.536582 1.539827 1.542601 1.545063 1.547368 1.549675
0.770895 0.772438 0.774192 0.776272 0.778793 0.781880 0.785658 0.790254 0.795794 0.802398 0.810180 0.819245 0.829683 0.841573 0.854975 0.869930 0.886461 0.904568 0.924227 0.945393 0.967995 0.991937 1.017102 1.043352 1.070531 1.098465 1.126967 1.155837 1.184864 1.213832 1.242517 1.270697 1.298149 1.324660 1.350032 1.374085 1.396665 1.417649 1.436950 1.454516 1.470334 1.484423 1.496836 1.507654 1.516979 1.524933 1.531650 1.537275 1.541959 1.545855 1.549120 1.551911 1.554387 1.556707 1.559030
0.785606 0.787133 0.788869 0.790924 0.793415 0.796460 0.800184 0.804711 0.810165 0.816666 0.824328 0.833255 0.843541 0.855261 0.868474 0.883219 0.899515 0.917357 0.936719 0.957550 0.979781 1.003319 1.028053 1.053851 1.080567 1.108037 1.136084 1.164516 1.193133 1.221724 1.250070 1.277951 1.305148 1.331446 1.356645 1.380563 1.403041 1.423953 1.443206 1.460743 1.476546 1.490631 1.503045 1.513868 1.523199 1.531158 1.537879 1.543507 1.548193 1.552090 1.555356 1.558147 1.560624 1.562944 1.565267
0.795504 0.797053 0.798814 0.800901 0.803431 0.806528 0.810316 0.814920 0.820461 0.827055 0.834808 0.843813 0.854151 0.865886 0.879068 0.893727 0.909878 0.927515 0.946612 0.967126 0.988993 1.012128 1.036431 1.061780 1.088038 1.115052 1.142654 1.170661 1.198878 1.227099 1.255111 1.282695 1.309631 1.335705 1.360712 1.384467 1.406809 1.427605 1.446759 1.464211 1.479941 1.493963 1.506325 1.517104 1.526401 1.534335 1.541038 1.546653 1.551330 1.555221 1.558483 1.561272 1.563746 1.566064 1.568386
0.805674 0.807207 0.808949 0.811011 0.813510 0.816563 0.820293 0.824821 0.830266 0.836739 0.844347 0.853181 0.863321 0.874831 0.887760 0.902139 0.917979 0.935277 0.954007 0.974128 0.995580 1.018282 1.042140 1.067038 1.092847 1.119420 1.146595 1.174194 1.202028 1.229895 1.257583 1.284876 1.311554 1.337401 1.362212 1.385798 1.407992 1.428659 1.447697 1.465043 1.480672 1.494598 1.506869 1.517563 1.526780 1.534642 1.541283 1.546846 1.551480 1.555337 1.558570 1.561336 1.563789 1.566087 1.568386
0.813189 0.814705 0.816428 0.818465 0.820929 0.823936 0.827603 0.832047 0.837384 0.843722 0.851164 0.859801 0.869715 0.880970 0.893617 0.907686 0.923194 0.940136 0.958492 0.978222 0.999269 1.021557 1.044996 1.069475 1.094869 1.121035 1.147816 1.175038 1.202514 1.230047 1.257427 1.284441 1.310870 1.336502 1.361129 1.384564 1.406639 1.427217 1.446197 1.463514 1.479140 1.493086 1.505396 1.516142 1.525419 1.533343 1.540044 1.545661 1.550341 1.554237 1.557503 1.560297 1.562776 1.565099 1.567426
0.815051 0.816582 0.818320 0.820377 0.822866 0.825904 0.829607 0.834092 0.839471 0.845846 0.853314 0.861958 0.871848 0.883042 0.895585 0.909507 0.924822 0.941530 0.959616 0.979046 0.999770 1.021721 1.044812 1.068940 1.093981 1.119796 1.146232 1.173117 1.200268 1.227489 1.254577 1.281320 1.307504 1.332918 1.357358 1.380636 1.402583 1.423058 1.441955 1.459203 1.474770 1.488660 1.500915 1.511606 1.520828 1.528699 1.535350 1.540923 1.545566 1.549430 1.552671 1.555442 1.557900 1.560203 1.562509
0.815114 0.816631 0.818354 0.820390 0.822852 0.825851 0.829504 0.833923 0.839215 0.845484 0.852822 0.861311 0.871025 0.882021 0.894346 0.908032 0.923099 0.939549 0.957370 0.976533 0.996987 1.018668 1.041487 1.065341 1.090105 1.115640 1.141789 1.168384 1.195242 1.222173 1.248974 1.275442 1.301369 1.326549 1.350783 1.373887 1.395695 1.416066 1.434893 1.452102 1.467656 1.481556 1.493837 1.504564 1.513829 1.521745 1.528438 1.534049 1.538724 1.542616 1.545879 1.548669 1.551146 1.553467 1.555792
0.811219 0.812725 0.814435 0.816454 0.818891 0.821857 0.825463 0.829817 0.835025 0.841185 0.848389 0.856722 0.866258 0.877060 0.889181 0.902660 0.917524 0.933780 0.951419 0.970413 0.990711 1.012240 1.034910 1.058607 1.083201 1.108546 1.134484 1.160843 1.187443 1.214095 1.240605 1.266775 1.292406 1.317301 1.341271 1.364137 1.385739 1.405939 1.424629 1.441731 1.457207 1.471050 1.483290 1.493988 1.503231 1.511130 1.517811 1.523411 1.528078 1.531963 1.535220 1.538006 1.540479 1.542796 1.545117
0.801910 0.803403 0.805096 0.807094 0.809504 0.812433 0.815992 0.820287 0.825424 0.831503 0.838618 0.846859 0.856304 0.867026 0.879082 0.892518 0.907363 0.923627 0.941299 0.960344 0.980702 1.002291 1.025005 1.048722 1.073298 1.098581 1.124405 1.150597 1.176977 1.203361 1.229563 1.255394 1.280665 1.305194 1.328802 1.351324 1.372609 1.392526 1.410972 1.427872 1.443183 1.456900 1.469045 1.479677 1.488875 1.496746 1.503411 1.509004 1.513668 1.517554 1.520813 1.523602 1.526077 1.528398 1.530724
0.784654 0.786167 0.787884 0.789911 0.792359 0.795339 0.798962 0.803339 0.808575 0.814773 0.822029 0.830432 0.840064 0.850998 0.863296 0.877007 0.892159 0.908761 0.926792 0.946206 0.966930 0.988862 1.011880 1.035841 1.060592 1.085969 1.111800 1.137910 1.164122 1.190257 1.216136 1.241581 1.266418 1.290480 1.313604 1.335641 1.356457 1.375934 1.393978 1.410520 1.425522 1.438973 1.450898 1.461348 1.470401 1.478156 1.484731 1.490255 1.494868 1.498715 1.501945 1.504710 1.507166 1.509468 1.511773
0.764399 0.765894 0.767589 0.769590 0.772005 0.774943 0.778515 0.782834 0.788011 0.794157 0.801380 0.809787 0.819479 0.830547 0.843070 0.857106 0.872685 0.889805 0.908426 0.928474 0.949838 0.972385 0.995960 1.020397 1.045521 1.071158 1.097131 1.123265 1.149384 1.175315 1.200887 1.225931 1.250285 1.273797 1.296325 1.317740 1.337930 1.356801 1.374280 1.390314 1.404877 1.417965 1.429600 1.439830 1.448722 1.456367 1.462870 1.468350 1.472937 1.476771 1.479995 1.482758 1.485214 1.487516 1.489823
0.737037 0.738522 0.740208 0.742197 0.744599 0.747524 0.751088 0.755408 0.760609 0.766816 0.774159 0.782769 0.792773 0.804285 0.817400 0.832177 0.848635 0.866743 0.886419 0.907537 0.929940 0.953448 0.977872 1.003023 1.028719 1.054782 1.081039 1.107322 1.133464 1.159298 1.184658 1.209380 1.233308 1.256294 1.278208 1.298936 1.318386 1.336489 1.353197 1.368486 1.382352 1.394810 1.405896 1.415662 1.424176 1.431523 1.437798 1.443110 1.447577 1.451324 1.454487 1.457204 1.459621 1.461887 1.464155
0.700600 0.702045 0.703690 0.705643 0.708016 0.710931 0.714519 0.718919 0.724281 0.730765 0.738540 0.747776 0.758631 0.771240 0.785694 0.802022 0.820184 0.840072 0.861515 0.884309 0.908230 0.933056 0.958583 0.984623 1.011009 1.037587 1.064214 1.090749 1.117048 1.142960 1.168327 1.192986 1.216775 1.239536 1.261127 1.281431 1.300354 1.317839 1.333855 1.348404 1.361509 1.373215 1.383584 1.392688 1.400612 1.407445 1.413285 1.418236 1.422406 1.425910 1.428871 1.431415 1.433675 1.435787 1.437888
0.657753 0.659178 0.660802 0.662732 0.665083 0.667985 0.671588 0.676064 0.681615 0.688469 0.696875 0.707084 0.719315 0.733720 0.750349 0.769137 0.789900 0.812363 0.836209 0.861119 0.886810 0.913048 0.939650 0.966473 0.993404 1.020352 1.047230 1.073952 1.100422 1.126529 1.152146 1.177125 1.201304 1.224510 1.246573 1.267336 1.286666 1.304471 1.320700 1.335348 1.348451 1.360074 1.370306 1.379248 1.387006 1.393690 1.399408 1.404271 1.408385 1.411863 1.414817 1.417366 1.419636 1.421756 1.423854
0.587656 0.589036 0.590633 0.592580 0.595040 0.598213 0.602357 0.607791 0.614903 0.624126 0.635888 0.650514 0.668103 0.688448 0.711091 0.735472 0.761070 0.787466 0.814343 0.841474 0.868700 0.895919 0.923068 0.950113 0.977035 1.003825 1.030473 1.056962 1.083263 1.109331 1.135100 1.160479 1.185353 1.209583 1.233016 1.255485 1.276826 1.296885 1.315531 1.332656 1.348184 1.362073 1.374316 1.384949 1.394048 1.401733 1.408152 1.413468 1.417852 1.421468 1.424476 1.427030 1.429276 1.431359 1.433418
0.530020 0.531078 0.532357 0.534015 0.536274 0.539452 0.544007 0.550573 0.559960 0.572990 0.590129 0.611181 0.635377 0.661756 0.689447 0.717766 0.746237 0.774561 0.802572 0.830201 0.857431 0.884284 0.910796 0.937014 0.962984 0.988752 1.014359 1.039836 1.065209 1.090489 1.115671 1.140735 1.165635 1.190308 1.214661 1.238582 1.261938 1.284583 1.306360 1.327109 1.346664 1.364860 1.381528 1.396507 1.409652 1.420875 1.430179 1.437689 1.443635 1.448309 1.452011 1.455022 1.457587 1.459923 1.462223
0.457000 0.459706 0.463278 0.468336 0.475625 0.485886 0.499590 0.516736 0.536949 0.559748 0.584653 0.611136 0.638624 0.666574 0.694555 0.722278 0.749575 0.776374 0.802662 0.828464 0.853822 0.878788 0.903417 0.927760 0.951870 0.975794 0.999577 1.023262 1.046885 1.070481 1.094075 1.117684 1.141316 1.164964 1.188603 1.212190 1.235660 1.258927 1.281880 1.304386 1.326291 1.347417 1.367566 1.386528 1.404090 1.420060 1.434300 1.446750 1.457453 1.466560 1.474320 1.481065 1.487201 1.493238 1.500000
0.457000 0.468246 0.480233 0.493209 0.507408 0.523012 0.540121 0.558732 0.578748 0.599987 0.622203 0.645125 0.668492 0.692088 0.715750 0.739361 0.762844 0.786150 0.809252 0.832140 0.854812 0.877279 0.899554 0.921656 0.943606 0.965427 0.987144 1.008780 1.030362 1.051912 1.073451 1.094998 1.116565 1.138158 1.159774 1.181399 1.203006 1.224550 1.245970 1.267189 1.288108 1.308615 1.328587 1.347893 1.366404 1.384002 1.400596 1.416126 1.430585 1.444011 1.456497 1.468173 1.479199 1.489749 1.500000
0.457000 0.473894 0.491105 0.508717 0.526795 0.545379 0.564479 0.584073 0.604112 0.624529 0.645247 0.666186 0.687273 0.708446 0.729649 0.750839 0.771982 0.793049 0.814024 0.834893 0.855651 0.876295 0.896829 0.917259 0.937593 0.957843 0.978021 0.998142 1.018219 1.038268 1.058302 1.078334 1.098374 1.118429 1.138501 1.158590 1.178685 1.198772 1.218828 1.238819 1.258705 1.278437 1.297958 1.317207 1.336121 1.354639 1.372707 1.390281 1.407338 1.423871 1.439899 1.455462 1.470617 1.485437 1.500000
0.457000 0.476320 0.495694 0.515151 0.534709 0.554380 0.574165 0.594058 0.614044 0.634108 0.654230 0.674388 0.694561 0.714730 0.734876 0.754984 0.775041 0.795036 0.814961 0.834813 0.854588 0.874287 0.893911 0.913465 0.932954 0.952386 0.971768 0.991110 1.010420 1.029709 1.048986 1.068260 1.087539 1.106830 1.126137 1.145464 1.164810 1.184172 1.203543 1.222914 1.242268 1.261588 1.280853 1.300036 1.319113 1.338055 1.356838 1.375437 1.393835 1.412021 1.429992 1.447755 1.465326 1.482730 1.500000
0.457000 0.476922 0.496829 0.516729 0.536625 0.556520 0.576413 0.596302 0.616183 0.636051 0.655899 0.675722 0.695514 0.715268 0.734978 0.754640 0.774250 0.793806 0.813305 0.832747 0.852132 0.871463 0.890741 0.909970 0.929154 0.948299 0.967409 0.986492 1.005552 1.024598 1.043634 1.062668 1.081706 1.100752 1.119811 1.138888 1.157984 1.177101 1.196239 1.215395 1.234566 1.253746 1.272928 1.292104 1.311264 1.330396 1.349490 1.368535 1.387521 1.406442 1.425292 1.444070 1.462776 1.481416 1.500000
0.457000 0.476869 0.496723 0.516560 0.536379 0.556180 0.575959 0.595715 0.615445 0.635146 0.654817 0.674453 0.694053 0.713615 0.733137 0.752617 0.772055 0.791451 0.810805 0.830118 0.849390 0.868624 0.887822 0.906988 0.926123 0.945232 0.964318 0.983387 1.002440 1.021484 1.040522 1.059559 1.078598 1.097643 1.116698 1.135766 1.154850 1.173951 1.193071 1.212210 1.231368 1.250544 1.269737 1.288943 1.308159 1.327382 1.346606 1.365828 1.385043 1.404247 1.423435 1.442606 1.461757 1.480889 1.500000
0.457000 0.476686 0.496364 0.516031 0.535686 0.555326 0.574949 0.594553 0.614137 0.633697 0.653234 0.672745 0.692229 0.711686 0.731113 0.750512 0.769882 0.789223 0.808536 0.827822 0.847081 0.866316 0.885528 0.904719 0.923891 0.943047 0.962189 0.981319 1.000441 1.019557 1.038669 1.057781 1.076896 1.096014 1.115140 1.134275 1.153420 1.172578 1.191750 1.210936 1.230137 1.249353 1.268584 1.287830 1.307089 1.326359 1.345640 1.364928 1.384223 1.403522 1.422822 1.442121 1.461419 1.480712 1.500000
0.457000 0.476526 0.496049 0.515566 0.535076 0.554578 0.574070 0.593550 0.613018 0.632472 0.651912 0.671336 0.690744 0.710135 0.729509 0.748865 0.768205 0.787527 0.806833 0.826123 0.845398 0.864658 0.883905 0.903140 0.922364 0.941579 0.960786 0.979987 0.999183 1.018376 1.037567 1.056759 1.075952 1.095148 1.114348 1.133554 1.152767 1.171988 1.191217 1.210455 1.229703 1.248961 1.268229 1.287506 1.306794 1.326090 1.345394 1.364706 1.384024 1.403347 1.422675 1.442005 1.461337 1.480669 1.500000
0.457000 0.476408 0.495815 0.515220 0.534622 0.554020 0.573413 0.592802 0.612185 0.631561 0.650931 0.670294 0.689649 0.708997 0.728337 0.747670 0.766994 0.786310 0.805619 0.824921 0.844216 0.863504 0.882787 0.902063 0.921335 0.940603 0.959868 0.979129 0.998389 1.017647 1.036904 1.056162 1.075421 1.094681 1.113943 1.133208 1.152476 1.171748 1.191024 1.210305 1.229590 1.248879 1.268174 1.287474 1.306778 1.326086 1.345399 1.364716 1.384036 1.403359 1.422685 1.442012 1.461341 1.480670 1.500000
0.457000 0.476315 0.495630 0.514944 0.534259 0.553574 0.572889 0.592204 0.611519 0.630833 0.650148 0.669463 0.688778 0.708093 0.727407 0.746722 0.766037 0.785352 0.804667 0.823981 0.843296 0.862611 0.881926 0.901241 0.920556 0.939870 0.959185 0.978500 0.997815 1.017130 1.036444 1.055759 1.075074 1.094389 1.113704 1.133019 1.152333 1.171648 1.190963 1.210278 1.229593 1.248907 1.268222 1.287537 1.306852 1.326167 1.345481 1.364796 1.384111 1.403426 1.422741 1.442056 1.461370 1.480685 1.500000
